# Ashcroft-Langreth Sij(q) [Ge,Ge]
   0.4470331695        0.1948275823
   0.4961391032        0.1200020890
   0.5452450368        0.0600968123
   0.5943509705        0.0167997061
   0.6434569041       -0.0093982669
   0.6925628378       -0.0191576689
   0.7416687715       -0.0141748436
   0.7907747051        0.0029952802
   0.8398806388        0.0291687663
   0.8889865724        0.0608042349
   0.9380925061        0.0943028853
   0.9871984398        0.1263185850
   1.0363043734        0.1540540391
   1.0854103071        0.1755144413
   1.1345162407        0.1896883970
   1.1836221744        0.1966290459
   1.2327281081        0.1974171169
   1.2818340417        0.1940017884
   1.3309399754        0.1889329788
   1.3800459091        0.1850170959
   1.4291518427        0.1849437006
   1.4782577764        0.1909393809
   1.5273637100        0.2045046716
   1.5764696437        0.2262789919
   1.6255755774        0.2560582403
   1.6746815110        0.2929629147
   1.7237874447        0.3357261006
   1.7728933783        0.3830459111
   1.8219993120        0.4339312311
   1.8711052457        0.4879668223
   1.9202111793        0.5454355695
   1.9693171130        0.6072606897
   2.0184230466        0.6747650837
   2.0675289803        0.7492825154
   2.1166349140        0.8316887355
   2.1657408476        0.9219430835
   2.2148467813        1.0187373312
   2.2639527150        1.1193362296
   2.3130586486        1.2196645652
   2.3621645823        1.3146531538
   2.4112705159        1.3988084501
   2.4603764496        1.4669261358
   2.5094823833        1.5148367323
   2.5585883169        1.5400576834
   2.6076942506        1.5422349119
   2.6568001842        1.5232870114
   2.7059061179        1.4872123445
   2.7550120516        1.4395754452
   2.8041179852        1.3867443855
   2.8532239189        1.3349952102
   2.9023298525        1.2896249186
   2.9514357862        1.2542158742
   3.0005417199        1.2301712912
   3.0496476535        1.2165973817
   3.0987535872        1.2105504199
   3.1478595208        1.2076063893
   3.1969654545        1.2026576075
   3.2460713882        1.1908040378
   3.2951773218        1.1681931284
   3.3442832555        1.1326731165
   3.3933891892        1.0841584612
   3.4424951228        1.0246561470
   3.4916010565        0.9579589886
   3.5407069901        0.8890666590
   3.5898129238        0.8234376326
   3.6389188575        0.7661986977
   3.6880247911        0.7214398538
   3.7371307248        0.6917020318
   3.7862366584        0.6777276851
   3.8353425921        0.6784972026
   3.8844485258        0.6915259324
   3.9335544594        0.7133557487
   3.9826603931        0.7401481122
   4.0317663267        0.7682762054
   4.0808722604        0.7948223155
   4.1299781941        0.8179103456
   4.1790841277        0.8368368435
   4.2281900614        0.8520005914
   4.2772959951        0.8646639462
   4.3264019287        0.8766033109
   4.3755078624        0.8897179982
   4.4246137960        0.9056655284
   4.4737197297        0.9255787265
   4.5228256634        0.9498994049
   4.5719315970        0.9783395590
   4.6210375307        1.0099585245
   4.6701434643        1.0433273096
   4.7192493980        1.0767416847
   4.7683553317        1.1084442166
   4.8174612653        1.1368212188
   4.8665671990        1.1605512836
   4.9156731326        1.1786947631
   4.9647790663        1.1907254532
   5.0138850000        1.1965146195
   5.0629909336        1.1962822247
   5.1120968673        1.1905307282
   5.1612028010        1.1799740364
   5.2103087346        1.1654695994
   5.2594146683        1.1479569253
   5.3085206019        1.1284022826
   5.3576265356        1.1077478488
   5.4067324693        1.0868640809
   5.4558384029        1.0665060222
   5.5049443366        1.0472766139
   5.5540502702        1.0296017463
   5.6031562039        1.0137219422
   5.6522621376        0.9997038737
   5.7013680712        0.9874716393
   5.7504740049        0.9768536660
   5.7995799385        0.9676373562
   5.8486858722        0.9596212780
   5.8977918059        0.9526546117
   5.9468977395        0.9466559731
   5.9960036732        0.9416082557
   6.0451096068        0.9375318056
   6.0942155405        0.9344437394
   6.1433214742        0.9323151499
   6.1924274078        0.9310392359
   6.2415333415        0.9304215254
   6.2906392752        0.9301985633
   6.3397452088        0.9300846366
   6.3888511425        0.9298387968
   6.4379570761        0.9293382979
   6.4870630098        0.9286411218
   6.5361689435        0.9280205168
   6.5852748771        0.9279586521
   6.6343808108        0.9290939579
   6.6834867444        0.9321260684
   6.7325926781        0.9376916434
   6.7816986118        0.9462317190
   6.8308045454        0.9578749752
   6.8799104791        0.9723604338
   6.9290164127        0.9890175456
   6.9781223464        1.0068122818
   7.0272282801        1.0244563766
   7.0763342137        1.0405654157
   7.1254401474        1.0538422106
   7.1745460811        1.0632566228
   7.2236520147        1.0681927590
   7.2727579484        1.0685393328
   7.3218638820        1.0647081176
   7.3709698157        1.0575771450
   7.4200757494        1.0483675118
   7.4691816830        1.0384731983
   7.5182876167        1.0292703544
   7.5673935503        1.0219349767
   7.6164994840        1.0172955250
   7.6656054177        1.0157404454
   7.7147113513        1.0171911118
   7.7638172850        1.0211401577
   7.8129232186        1.0267453608
   7.8620291523        1.0329617672
   7.9111350860        1.0386906108
   7.9602410196        1.0429231726
   8.0093469533        1.0448607036
   8.0584528870        1.0439970265
   8.1075588206        1.0401572423
   8.1566647543        1.0334928110
   8.2057706879        1.0244390739
   8.2548766216        1.0136452789
   8.3039825553        1.0018890725
   8.3530884889        0.9899873364
   8.4021944226        0.9787136189
   8.4513003562        0.9687298480
   8.5004062899        0.9605371222
   8.5495122236        0.9544476629
   8.5986181572        0.9505777657
   8.6477240909        0.9488599049
   8.6968300245        0.9490709503
   8.7459359582        0.9508726074
   8.7950418919        0.9538595567
   8.8441478255        0.9576102891
   8.8932537592        0.9617353800
   8.9423596928        0.9659180347
   8.9914656265        0.9699423671
   9.0405715602        0.9737061261
   9.0896774938        0.9772164720
   9.1387834275        0.9805697273
   9.1878893612        0.9839184579
   9.2369952948        0.9874313262
   9.2861012285        0.9912524575
   9.3352071621        0.9954672257
   9.3843130958        1.0000802614
   9.4334190295        1.0050092420
   9.4825249631        1.0100950287
   9.5316308968        1.0151255545
   9.5807368304        1.0198681972
   9.6298427641        1.0241037875
   9.6789486978        1.0276552721
   9.7280546314        1.0304054464
   9.7771605651        1.0323008124
   9.8262664987        1.0333419302
   9.8753724324        1.0335638705
   9.9244783661        1.0330127758
   9.9735842997        1.0317255119
  10.0226902334        1.0297186475
  10.0717961671        1.0269906605
  10.1209021007        1.0235378104
  10.1700080344        1.0193803330
  10.2191139680        1.0145923943
  10.2682199017        1.0093274003
  10.3173258354        1.0038303368
  10.3664317690        0.9984309290
  10.4155377027        0.9935152215
  10.4646436363        0.9894779346
  10.5137495700        0.9866626448
  10.5628555037        0.9853004019
  10.6119614373        0.9854589691
  10.6610673710        0.9870139713
  10.7101733046        0.9896498929
  10.7592792383        0.9928936371
  10.8083851720        0.9961772328
  10.8574911056        0.9989204661
  10.9065970393        1.0006199351
  10.9557029730        1.0009291855
  11.0048089066        0.9997156559
  11.0539148403        0.9970839930
  11.1030207739        0.9933612053
  11.1521267076        0.9890459707
  11.2012326413        0.9847308697
  11.2503385749        0.9810111170
  11.2994445086        0.9783955725
  11.3485504422        0.9772350269
  11.3976563759        0.9776791627
  11.4467623096        0.9796679512
  11.4958682432        0.9829567281
  11.5449741769        0.9871680927
  11.5940801105        0.9918593162
  11.6431860442        0.9965919369
  11.6922919779        1.0009909689
  11.7413979115        1.0047843638
  11.7905038452        1.0078182505
  11.8396097788        1.0100489024
  11.8887157125        1.0115171594
  11.9378216462        1.0123141461
  11.9869275798        1.0125479690
  12.0360335135        1.0123195837
  12.0851394472        1.0117126407
  12.1342453808        1.0107977444
  12.1833513145        1.0096472759
  12.2324572481        1.0083538088
  12.2815631818        1.0070439455
  12.3306691155        1.0058804464
  12.3797750491        1.0050485815
  12.4288809828        1.0047269894
  12.4779869164        1.0050479492
  12.5270928501        1.0060557025
  12.5761987838        1.0076733525
  12.6253047174        1.0096883253
  12.6744106511        1.0117633734
  12.7235165847        1.0134751583
  12.7726225184        1.0143765549
  12.8217284521        1.0140732298
  12.8708343857        1.0123010054
  12.9199403194        1.0089890040
  12.9690462531        1.0042950439
  13.0181521867        0.9986040994
  13.0672581204        0.9924870967
  13.1163640540        0.9866246865
  13.1654699877        0.9817074813
  13.2145759214        0.9783291891
  13.2636818550        0.9768910851
  13.3127877887        0.9775348565
  13.3618937223        0.9801162302
  13.4109996560        0.9842247593
  13.4601055897        0.9892470048
  13.5092115233        0.9944626340
  13.5583174570        0.9991571094
  13.6074233906        1.0027317596
  13.6565293243        1.0047926431
  13.7056352580        1.0052035789
  13.7547411916        1.0040952722
  13.8038471253        1.0018303394
  13.8529530589        0.9989317689
  13.9020589926        0.9959885125
  13.9511649263        0.9935553963
  14.0002708599        0.9920648112
  14.0493767936        0.9917647454
  14.0984827273        0.9926923175
  14.1475886609        0.9946851498
  14.1966945946        0.9974260215
  14.2458005282        1.0005105416
  14.2949064619        1.0035240790
  14.3440123956        1.0061134342
  14.3931183292        1.0080407095
  14.4422242629        1.0092110220
  14.4913301965        1.0096711798
  14.5404361302        1.0095820916
  14.5895420639        1.0091724225
  14.6386479975        1.0086839875
  14.6877539312        1.0083201396
  14.7368598648        1.0082069463
  14.7859657985        1.0083736954
  14.8350717322        1.0087549689
  14.8841776658        1.0092120917
  14.9332835995        1.0095680702
  14.9823895332        1.0096478681
  15.0314954668        1.0093153802
  15.0806014005        1.0084997423
  15.1297073341        1.0072062981
  15.1788132678        1.0055110026
  15.2279192015        1.0035405503
  15.2770251351        1.0014433576
  15.3261310688        0.9993581754
  15.3752370024        0.9973872844
  15.4243429361        0.9955799689
  15.4734488698        0.9939295885
  15.5225548034        0.9923845940
  15.5716607371        0.9908708694
  15.6207666707        0.9893204249
  15.6698726044        0.9877001394
  15.7189785381        0.9860342066
  15.7680844717        0.9844151288
  15.8171904054        0.9830002965
  15.8662963391        0.9819939343
  15.9154022727        0.9816169878
  15.9645082064        0.9820698453
  16.0136141400        0.9834942385
  16.0627200737        0.9859409919
  16.1118260074        0.9893494670
  16.1609319410        0.9935427208
  16.2100378747        0.9982398997
  16.2591438083        1.0030846430
  16.3082497420        1.0076857186
  16.3573556757        1.0116641752
  16.4064616093        1.0147002538
  16.4555675430        1.0165733064
  16.5046734766        1.0171890024
  16.5537794103        1.0165899798
  16.6028853440        1.0149485184
  16.6519912776        1.0125424107
  16.7010972113        1.0097175771
  16.7502031449        1.0068427883
  16.7993090786        1.0042628530
  16.8484150123        1.0022566812
  16.8975209459        1.0010057614
  16.9466268796        1.0005769399
  16.9957328133        1.0009212321
  17.0448387469        1.0018880581
  17.0939446806        1.0032521282
  17.1430506142        1.0047485353
  17.1921565479        1.0061106600
  17.2412624816        1.0071053949
  17.2903684152        1.0075609170
  17.3394743489        1.0073836479
  17.3885802825        1.0065628828
  17.4376862162        1.0051635372
  17.4867921499        1.0033092327
  17.5358980835        1.0011592448
  17.5850040172        0.9988834779
  17.6341099508        0.9966395527
  17.6832158845        0.9945553395
  17.7323218182        0.9927190260
  17.7814277518        0.9911773112
  17.8305336855        0.9899408535
  17.8796396192        0.9889949241
  17.9287455528        0.9883125134
  17.9778514865        0.9878670096
  18.0269574201        0.9876419740
  18.0760633538        0.9876363744
  18.1251692875        0.9878646966
  18.1742752211        0.9883524191
  18.2233811548        0.9891281984
  18.2724870884        0.9902146249
  18.3215930221        0.9916195069
  18.3706989558        0.9933293433
  18.4198048894        0.9953060701
  18.4689108231        0.9974874466
  18.5180167567        0.9997907654
  18.5671226904        1.0021190553
  18.6162286241        1.0043686826
  18.6653345577        1.0064372612
  18.7144404914        1.0082309992
  18.7635464251        1.0096709450
  18.8126523587        1.0106979294
  18.8617582924        1.0112762334
  18.9108642260        1.0113960918
  18.9599701597        1.0110750591
  19.0090760934        1.0103580888
  19.0581820270        1.0093159870
  19.1072879607        1.0080418120
  19.1563938943        1.0066448780
  19.2054998280        1.0052423111
  19.2546057617        1.0039485730
  19.3037116953        1.0028639054
  19.3528176290        1.0020631277
  19.4019235626        1.0015864918
  19.4510294963        1.0014342513
  19.5001354300        1.0015661864
  19.5492413636        1.0019065810
  19.5983472973        1.0023542070
  19.6474532309        1.0027959068
  19.6965591646        1.0031216141
  19.7456650983        1.0032382857
  19.7947710319        1.0030803639
  19.8438769656        1.0026150446
  19.8929828993        1.0018416916
  19.9420888329        1.0007859847
  19.9911947666        0.9994905547
  20.0403007002        0.9980046537
  20.0894066339        0.9963756363
  20.1385125676        0.9946445788
  20.1876185012        0.9928473178
  20.2367244349        0.9910207320
  20.2858303685        0.9892125658
  20.3349363022        0.9874918449
  20.3840422359        0.9859563095
  20.4331481695        0.9847334990
  20.4822541032        0.9839732013
  20.5313600368        0.9838307774
  20.5804659705        0.9844430398
  20.6295719042        0.9859004508
  20.6786778378        0.9882209173
  20.7277837715        0.9913309986
  20.7768897052        0.9950596750
  20.8259956388        0.9991479668
  20.8751015725        1.0032749130
  20.9242075061        1.0070972207
  20.9733134398        1.0102968954
  21.0224193735        1.0126290106
  21.0715253071        1.0139609771
  21.1206312408        1.0142955116
  21.1697371744        1.0137719382
  21.2188431081        1.0126441196
  21.2679490418        1.0112375747
  21.3170549754        1.0098923906
  21.3661609091        1.0089015834
  21.4152668427        1.0084559458
  21.4643727764        1.0086057838
  21.5134787101        1.0092473148
  21.5625846437        1.0101372732
  21.6116905774        1.0109342007
  21.6607965111        1.0112599056
  21.7099024447        1.0107706193
  21.7590083784        1.0092252386
  21.8081143120        1.0065381846
  21.8572202457        1.0028068623
  21.9063261794        0.9983080703
  21.9554321130        0.9934632091
  22.0045380467        0.9887777535
  22.0536439803        0.9847651473
  22.1027499140        0.9818681610
  22.1518558477        0.9803912649
  22.2009617813        0.9804556146
  22.2500677150        0.9819841731
  22.2991736486        0.9847190743
  22.3482795823        0.9882675743
  22.3973855160        0.9921679232
  22.4464914496        0.9959631478
  22.4955973833        0.9992696635
  22.5447033169        1.0018290009
  22.5938092506        1.0035344279
  22.6429151843        1.0044291706
  22.6920211179        1.0046783077
  22.7411270516        1.0045212091
  22.7902329853        1.0042146988
  22.8393389189        1.0039783580
  22.8884448526        1.0039523765
  22.9375507862        1.0041753703
  22.9866567199        1.0045852827
  23.0357626536        1.0050417456
  23.0848685872        1.0053640752
  23.1339745209        1.0053762124
  23.1830804545        1.0049489290
  23.2321863882        1.0040306329
  23.2812923219        1.0026608388
  23.3303982555        1.0009642137
  23.3795041892        0.9991272184
  23.4286101228        0.9973629037
  23.4777160565        0.9958716579
  23.5268219902        0.9948062244
  23.5759279238        0.9942480620
  23.6250338575        0.9941994172
  23.6741397912        0.9945919452
  23.7232457248        0.9953091168
  23.7723516585        0.9962167628
  23.8214575921        0.9971945345
  23.8705635258        0.9981610998
  23.9196694595        0.9990875199
  23.9687753931        0.9999960659
  24.0178813268        1.0009451105
  24.0669872604        1.0020039283
  24.1160931941        1.0032235493
  24.1651991278        1.0046107475
  24.2143050614        1.0061116062
  24.2634109951        1.0076090284
  24.3125169287        1.0089355103
  24.3616228624        1.0098991283
  24.4107287961        1.0103177343
  24.4598347297        1.0100544499
  24.5089406634        1.0090471067
  24.5580465971        1.0073253987
  24.6071525307        1.0050119612
  24.6562584644        1.0023068395
  24.7053643980        0.9994581887
  24.7544703317        0.9967248238
  24.8035762654        0.9943378379
  24.8526821990        0.9924686000
  24.9017881327        0.9912090045
  24.9508940663        0.9905672098
