# r/g(r)/dn[At1,At2]:      g(r)[Ge,Ge]            dn(r)            
       0.024486          -0.0144727569        0.0000000000
       0.073459          -0.0434182707        0.0000000000
       0.122431          -0.0723637846        0.0000000000
       0.171404          -0.1013092984        0.0000000000
       0.220376          -0.1302548122        0.0000000000
       0.269348          -0.1592003261        0.0000000000
       0.318321          -0.1881458399        0.0000000000
       0.367293          -0.2170913537        0.0000000000
       0.416266          -0.2460368675        0.0000000000
       0.465238          -0.2749823814        0.0000000000
       0.514211          -0.3039278952        0.0000000000
       0.563183          -0.3328734090        0.0000000000
       0.612156          -0.3618189229        0.0000000000
       0.661128          -0.3907644367        0.0000000000
       0.710100          -0.4197099505        0.0000000000
       0.759073          -0.4486554643        0.0000000000
       0.808045          -0.4776009782        0.0000000000
       0.857018          -0.5065464920        0.0000000000
       0.905990          -0.5354920058        0.0000000000
       0.954963          -0.5644375197        0.0000000000
       1.003935          -0.5933830335        0.0000000000
       1.052908          -0.6223285473        0.0000000000
       1.101880          -0.6512740611        0.0000000000
       1.150853          -0.6802195750        0.0000000000
       1.199825          -0.7091650888        0.0000000000
       1.248797          -0.7381106026        0.0000000000
       1.297770          -0.7670561165        0.0000000000
       1.346742          -0.7960016303        0.0000000000
       1.395715          -0.8249471441        0.0000000000
       1.444687          -0.8538926579        0.0000000000
       1.493660          -0.8828381718        0.0000000000
       1.542632          -0.9117836856        0.0000000000
       1.591605          -0.9407291994        0.0000000000
       1.640577          -0.9696747133        0.0000000000
       1.689549          -0.9986202271        0.0000000000
       1.738522          -1.0275657409        0.0000000000
       1.787494          -1.0565112548        0.0000000000
       1.836467          -1.0854567686        0.0000000000
       1.885439          -1.1144022824        0.0000000000
       1.934412          -1.1433477962        0.0000000000
       1.983384          -1.1722933101        0.0000000000
       2.032357          -1.2012388239        0.0000000000
       2.081329          -1.2301843377        0.0000000000
       2.130301          -1.2591298516        0.0000000000
       2.179274          -1.2880753654        0.0000000000
       2.228246          -1.1692204069        0.0161290323
       2.277219          -1.2013441779        0.0322580645
       2.326191          -0.6670230855        0.1129032258
       2.375164          -0.0172689795        0.2741935484
       2.424136          -0.0742244561        0.4354838710
       2.473109          -0.1300707382        0.5967741935
       2.522081           1.5126955603        0.9677419355
       2.571053           1.2984510938        1.3225806452
       2.620026           1.5939366875        1.7258064516
       2.668998           1.1371498117        2.0806451613
       2.717971           1.7863219446        2.5322580645
       2.766943           1.9353837586        3.0161290323
       2.815916           1.2595558602        3.4193548387
       2.864888           1.9853354698        3.9354838710
       2.913861           0.9903606374        4.3225806452
       2.962833           0.5831074974        4.6612903226
       3.011805           1.8284111022        5.1935483871
       3.060778           0.3429209753        5.5161290323
       3.109750           0.5978059130        5.8870967742
       3.158723           0.4268324121        6.2419354839
       3.207695          -0.3558407226        6.4838709677
       3.256668           0.6033434271        6.8870967742
       3.305640           0.5369441811        7.2903225806
       3.354613           0.0789334376        7.6290322581
       3.403585           0.6976699907        8.0806451613
       3.452558          -0.2282259708        8.3870967742
       3.501530          -0.6587477573        8.6290322581
       3.550502           0.0349256679        9.0000000000
       3.599475           0.3429453873        9.4354838710
       3.648447          -0.4413168469        9.7419354839
       3.697420          -0.1366822014       10.1129032258
       3.746392          -0.2803171503       10.4677419355
       3.795365          -0.7680943420       10.7419354839
       3.844337          -0.4731511662       11.0806451613
       3.893310          -0.0171709296       11.5161290323
       3.942282          -0.6592801482       11.8387096774
       3.991254          -0.7087261716       12.1612903226
       4.040227          -0.4316092995       12.5483870968
       4.089199          -1.0477659652       12.8225806452
       4.138172          -0.7745658874       13.1612903226
       4.187144          -0.3511207412       13.5967741935
       4.236117          -0.4046173892       14.0322580645
       4.285089          -0.7649868978       14.4032258065
       4.334062          -0.1299959376       14.9193548387
       4.383034          -0.4115336059       15.3870967742
       4.432006          -0.1673139291       15.9193548387
       4.480979          -0.0025635987       16.5000000000
       4.529951           1.0304476572       17.3225806452
       4.578924          -1.0520959619       17.6935483871
       4.627896           0.3247607469       18.3870967742
       4.676869          -0.0883283195       19.0000000000
       4.725841           0.3428298342       19.7258064516
       4.774814          -0.4770129329       20.2741935484
       4.823786           0.0847123718       20.9677419355
       4.872758           0.5669757908       21.7903225806
       4.921731          -0.6338535154       22.3387096774
       4.970703          -0.0226389875       23.0483870968
       5.019676          -0.0800262983       23.7580645161
       5.068648           0.2529991586       24.5645161290
       5.117621           0.1929645537       25.3709677419
       5.166593           0.1335193021       26.1774193548
       5.215566           0.4535280859       27.0806451613
       5.264538           0.6419258343       28.0483870968
       5.313511           0.3924370124       28.9677419355
       5.362483           0.0855594647       29.8225806452
       5.411455           0.8183501784       30.8870967742
       5.460428           0.4518036700       31.8709677419
       5.509400           0.2108170583       32.8064516129
       5.558373          -0.2041904326       33.6451612903
       5.607345           1.2083282449       34.8870967742
       5.656318           0.0921512507       35.8387096774
       5.705290           0.3223511338       36.8709677419
       5.754263           0.7770814125       38.0483870968
       5.803235           0.2021063632       39.0806451613
       5.852207          -0.1386205053       40.0322580645
       5.901180           0.3629834063       41.1451612903
       5.950152          -0.2511671807       42.0967741935
       5.999125           0.4618178477       43.2741935484
       6.048097           1.8706990350       44.8870967742
       6.097070          -0.4166947391       45.8387096774
       6.146042          -0.2566869578       46.8548387097
       6.195015          -0.3654830399       47.8548387097
       6.243987          -0.2092949042       48.9193548387
       6.292959          -0.4223392318       49.9354838710
       6.341932          -0.6325403650       50.9032258065
       6.390904          -0.4276933629       51.9516129032
       6.439877          -0.3798278063       53.0322580645
       6.488849          -0.4853894323       54.0967741935
       6.537822          -0.3379245847       55.2258064516
       6.586794          -0.6430937040       56.2741935484
       6.635767          -0.1500707309       57.5000000000
       6.684739          -0.7978730785       58.5322580645
       6.733711           0.4708266949       60.0000000000
       6.782684          -0.0272687305       61.3225806452
       6.831656          -0.4704289956       62.5161290323
       6.880629          -0.0461061963       63.8709677419
       6.929601           0.5308503487       65.4354838710
       6.978574          -0.5994679930       66.6129032258
       7.027546          -0.0870988420       67.9516129032
       7.076519          -0.1553548496       69.2580645161
       7.125491           0.6835898023       70.8225806452
       7.174463          -0.7565711688       71.9193548387
       7.223436          -0.6795848673       73.0322580645
       7.272408           0.4576280427       74.4838709677
       7.321381          -0.0322668479       75.7741935484
       7.370353           0.4449549109       77.1935483871
       7.419326           0.8279539922       78.7096774194
       7.468298           0.7736525530       80.1935483871
       7.517271          -0.1991355940       81.3870967742
       7.566243           1.1875283758       82.9516129032
       7.615216           0.1303612364       84.2096774194
       7.664188           0.3055548136       85.5000000000
       7.713160          -0.1888337014       86.6451612903
       7.762133           0.1144966011       87.8548387097
       7.811105           0.7499003756       89.2096774194
       7.860078          -0.0868782976       90.3387096774
       7.909050          -0.0257838159       91.4677419355
       7.958023          -0.5030707168       92.4677419355
       8.006995          -0.0307747621       93.5645161290
       8.055968           0.2507797232       94.7096774194
       8.104940           0.6898711745       95.9354838710
       8.153912          -0.3243272308       96.9193548387
       8.202885           0.9529027593       98.1612903226
       8.251857           0.3633053933       99.2580645161
       8.300830           0.4572878432      100.3548387097
       8.349802           0.3956350379      101.4193548387
       8.398775           0.1668557988      102.4193548387
       8.447747          -0.4113937187      103.2903225806
       8.496720          -0.8439957981      104.0645161290
       8.545692           0.0422852636      104.9838709677
       8.594664          -0.5819803321      105.7741935484
       8.643637          -0.4846909994      106.5645161290
       8.692609          -0.1859189836      107.3870967742
       8.741582          -0.8674915174      108.0806451613
       8.790554          -0.3524958767      108.8387096774
       8.839527           0.7284171853      109.7419354839
       8.888499          -0.3137144226      110.4677419355
       8.937472          -1.0837909803      111.0645161290
       8.986444          -0.2614272713      111.7580645161
       9.035416          -0.1076086822      112.4516129032
       9.084389          -0.4451185317      113.0806451613
       9.133361           1.0299480584      113.8709677419
       9.182334          -0.7857543798      114.4193548387
       9.231306           0.2354659598      115.0645161290
       9.280279           1.2009116626      115.7903225806
       9.329251           1.7919509371      116.5483870968
       9.378224          -0.4905995556      117.0483870968
       9.427196           0.5942423814      117.6290322581
       9.476169           0.3548186082      118.1612903226
       9.525141           0.4729479402      118.6774193548
       9.574113           0.6087634223      119.1774193548
       9.623086          -0.9552614001      119.5322580645
       9.672058          -0.4309448564      119.9032258065
       9.721031           0.1745448724      120.2903225806
       9.770003           0.3480770108      120.6612903226
