# r/G(r)/dn[At1,At2]:      G(r)[Ge,Ge]            dn(r)
          0.025     -0.0141223305      0.0000000000
          0.074     -0.0423669916      0.0000000000
          0.124     -0.0706116526      0.0000000000
          0.174     -0.0988563137      0.0000000000
          0.223     -0.1271009747      0.0000000000
          0.273     -0.1553456358      0.0000000000
          0.322     -0.1835902968      0.0000000000
          0.372     -0.2118349579      0.0000000000
          0.421     -0.2400796189      0.0000000000
          0.471     -0.2683242800      0.0000000000
          0.521     -0.2965689410      0.0000000000
          0.570     -0.3248136021      0.0000000000
          0.620     -0.3530582631      0.0000000000
          0.669     -0.3813029242      0.0000000000
          0.719     -0.4095475852      0.0000000000
          0.768     -0.4377922463      0.0000000000
          0.818     -0.4660369073      0.0000000000
          0.868     -0.4942815683      0.0000000000
          0.917     -0.5225262294      0.0000000000
          0.967     -0.5507708904      0.0000000000
          1.016     -0.5790155515      0.0000000000
          1.066     -0.6072602125      0.0000000000
          1.115     -0.6355048736      0.0000000000
          1.165     -0.6637495346      0.0000000000
          1.215     -0.6919941957      0.0000000000
          1.264     -0.7202388567      0.0000000000
          1.314     -0.7484835178      0.0000000000
          1.363     -0.7767281788      0.0000000000
          1.413     -0.8049728399      0.0000000000
          1.463     -0.8332175009      0.0000000000
          1.512     -0.8614621620      0.0000000000
          1.562     -0.8897068230      0.0000000000
          1.611     -0.9179514841      0.0000000000
          1.661     -0.9461961451      0.0000000000
          1.710     -0.9744408062      0.0000000000
          1.760     -1.0026854672      0.0000000000
          1.810     -1.0309301283      0.0000000000
          1.859     -1.0591747893      0.0000000000
          1.909     -1.0874194504      0.0000000000
          1.958     -1.1156641114      0.0000000000
          2.008     -1.1439087725      0.0000000000
          2.057     -1.1721534335      0.0000000000
          2.107     -1.2003980946      0.0000000000
          2.157     -1.2286427556      0.0000000000
          2.206     -1.1094249423      0.0161290323
          2.256     -1.2851320777      0.0161290323
          2.305     -0.8900152322      0.0645161290
          2.355     -0.7890223356      0.1290322581
          2.404     -0.2874538911      0.2580645161
          2.454      0.1927094180      0.4516129032
          2.504      1.3024560702      0.7903225806
          2.553      0.9663873620      1.0967741935
          2.603      2.5169467486      1.6129032258
          2.652      1.1873710904      1.9677419355
          2.702      0.9892093692      2.3064516129
          2.751      2.3342573088      2.8387096774
          2.801      1.0755085777      3.2096774194
          2.851      0.4301830407      3.5000000000
          2.900      1.8250905828      4.0000000000
          2.950      0.3046465703      4.2903225806
          2.999      0.7859212732      4.6612903226
          3.049      0.1836006643      4.9516129032
          3.099      1.0695861097      5.3870967742
          3.148      0.6866733978      5.7741935484
          3.198      0.8234572699      6.1935483871
          3.247      0.5544554801      6.5806451613
          3.297      0.2926942076      6.9354838710
          3.346      0.1350699852      7.2741935484
          3.396     -0.1145760040      7.5806451613
          3.446      0.3975151369      7.9838709677
          3.495     -0.6881075085      8.2096774194
          3.545      0.0914400720      8.5806451613
          3.594      0.1245938424      8.9677419355
          3.644     -0.4688997229      9.2580645161
          3.693     -0.5187153138      9.5483870968
          3.743     -0.0464553834      9.9354838710
          3.793     -0.5308735188     10.2419354839
          3.842     -0.3261246560     10.5967741935
          3.892     -0.8796736603     10.8548387097
          3.941     -0.8421979064     11.1290322581
          3.991      0.0903530361     11.5967741935
          4.040     -0.3694911120     11.9838709677
          4.090     -0.1029878641     12.4354838710
          4.140      0.5494064844     13.0322580645
          4.189     -0.2898507694     13.4677419355
          4.239     -0.1123636252     13.9516129032
          4.288     -0.5465495481     14.3548387097
          4.338     -1.0464545644     14.6612903226
          4.388     -0.2009984974     15.1612903226
          4.437     -0.0349609456     15.7096774194
          4.487     -0.3807972437     16.1935483871
          4.536     -0.2893776333     16.7096774194
          4.586     -0.1296016119     17.2741935484
          4.635     -0.1844022295     17.8387096774
          4.685      0.1780128198     18.5000000000
          4.735     -0.4297653632     19.0322580645
          4.784      0.1985227876     19.7258064516
          4.834      0.1402875517     20.4193548387
          4.883      0.6822622510     21.2580645161
          4.933      0.4213421547     22.0483870968
          4.982     -0.2920234363     22.6774193548
          5.032     -0.5393166996     23.2580645161
          5.082      0.6901811254     24.1612903226
          5.131      0.3736811633     25.0000000000
          5.181     -0.0000992290     25.7580645161
          5.230      0.2546903486     26.5967741935
          5.280      0.3193110561     27.4677419355
          5.329     -0.0451090833     28.2580645161
          5.379     -0.4033325319     28.9677419355
          5.429      0.0235580504     29.8064516129
          5.478     -0.2110507745     30.5967741935
          5.528      0.4408642249     31.5806451613
          5.577      0.0890492378     32.4838709677
          5.627      0.6102019944     33.5483870968
          5.676     -0.1964357790     34.4032258065
          5.726      0.2603697553     35.4032258065
          5.776      0.9904928095     36.6290322581
          5.825      0.3673195495     37.6935483871
          5.875      0.0310781808     38.6774193548
          5.924     -0.2450937000     39.5967741935
          5.974     -0.2448552791     40.5322580645
          6.024     -0.4071182858     41.4354838710
          6.073      0.8791955923     42.7419354839
          6.123      0.0187734010     43.8064516129
          6.172     -0.4593147860     44.7419354839
          6.222      0.2724223059     45.9193548387
          6.271      0.2140030413     47.0967741935
          6.321      0.3619338844     48.3387096774
          6.371     -0.4631818667     49.3387096774
          6.420     -0.3131788899     50.4032258065
          6.470     -0.2664796703     51.5000000000
          6.519      0.9268627430     53.0000000000
          6.569      0.0711600204     54.2419354839
          6.618     -0.8704584392     55.1935483871
          6.668     -0.1396173052     56.4032258065
          6.718      0.2894369890     57.7741935484
          6.767     -0.0093438341     59.0645161290
          6.817     -0.2564636057     60.2903225806
          6.866     -0.1213713330     61.5806451613
          6.916     -0.0356625688     62.9193548387
          6.965     -0.2785246588     64.1935483871
          7.015     -0.6921064313     65.3387096774
          7.065     -0.1608545577     66.6612903226
          7.114      1.0624179501     68.3870967742
          7.164     -0.2486243865     69.6612903226
          7.213     -0.3178353133     70.9032258065
          7.263      0.4116090196     72.3709677419
          7.313     -0.1046877253     73.6612903226
          7.362      0.1887209209     75.0322580645
          7.412      0.1780689863     76.3870967742
          7.461      0.0082719499     77.6774193548
          7.511      0.9161403525     79.2258064516
          7.560      0.7549202359     80.7096774194
          7.610     -0.0264257885     81.9516129032
          7.660      0.0200996787     83.1935483871
          7.709     -0.7998207400     84.1935483871
          7.759      1.1238845033     85.7096774194
          7.808     -0.3043818585     86.8225806452
          7.858      0.8458848090     88.2258064516
          7.907     -0.7644758636     89.1935483871
          7.957     -0.5296240652     90.2096774194
          8.007     -0.7380150263     91.1612903226
          8.056      0.1702177048     92.3225806452
          8.106      0.1723809318     93.4677419355
          8.155      0.7269144064     94.7258064516
          8.205      0.9546231703     96.0161290323
          8.254     -0.0288506321     97.0645161290
          8.304      0.5622451569     98.2258064516
          8.354      0.4297107144     99.3387096774
          8.403      0.2153177141    100.3870967742
          8.453      0.0707967881    101.3870967742
          8.502     -0.7254830634    102.2096774194
          8.552      0.0953196558    103.1774193548
          8.601     -0.9934306229    103.9193548387
          8.651     -0.6562760939    104.7096774194
          8.701     -0.6574613718    105.4838709677
          8.750     -0.7492140805    106.2258064516
          8.800      0.1975638156    107.1129032258
          8.849      0.5193870612    108.0322580645
          8.899      0.2593525398    108.8870967742
          8.949     -0.4302619287    109.6129032258
          8.998     -0.6274710070    110.2903225806
          9.048     -0.3931545280    110.9838709677
          9.097      0.4325023330    111.7741935484
          9.147      0.1324915630    112.5000000000
          9.196     -0.6807534488    113.0967741935
          9.246      0.1089187610    113.7741935484
          9.296      0.1657419662    114.4354838710
          9.345      0.3686117445    115.0967741935
          9.395     -0.4229696305    115.6451612903
          9.444      0.8384558419    116.3064516129
          9.494      0.3164618022    116.8870967742
          9.543      0.0784414802    117.4193548387
          9.593      1.4028764202    118.0483870968
          9.643      0.0893038383    118.5322580645
          9.692     -0.3924046516    118.9516129032
          9.742      0.3273074747    119.4032258065
          9.791     -0.4205104622    119.7741935484
          9.841      0.1703186472    120.1612903226
          9.890     -0.9591463447    120.4516129032
