# r/G(r)/dn[At1,At2]:      G(r)[Ge,Ge]            dn(r)
          0.025     -0.0137699224      0.0000000000
          0.075     -0.0413097671      0.0000000000
          0.126     -0.0688496118      0.0000000000
          0.176     -0.0963894565      0.0000000000
          0.226     -0.1239293012      0.0000000000
          0.276     -0.1514691459      0.0000000000
          0.326     -0.1790089907      0.0000000000
          0.377     -0.2065488354      0.0000000000
          0.427     -0.2340886801      0.0000000000
          0.477     -0.2616285248      0.0000000000
          0.527     -0.2891683695      0.0000000000
          0.577     -0.3167082142      0.0000000000
          0.628     -0.3442480590      0.0000000000
          0.678     -0.3717879037      0.0000000000
          0.728     -0.3993277484      0.0000000000
          0.778     -0.4268675931      0.0000000000
          0.828     -0.4544074378      0.0000000000
          0.879     -0.4819472826      0.0000000000
          0.929     -0.5094871273      0.0000000000
          0.979     -0.5370269720      0.0000000000
          1.029     -0.5645668167      0.0000000000
          1.079     -0.5921066614      0.0000000000
          1.130     -0.6196465061      0.0000000000
          1.180     -0.6471863509      0.0000000000
          1.230     -0.6747261956      0.0000000000
          1.280     -0.7022660403      0.0000000000
          1.330     -0.7298058850      0.0000000000
          1.381     -0.7573457297      0.0000000000
          1.431     -0.7848855744      0.0000000000
          1.481     -0.8124254192      0.0000000000
          1.531     -0.8399652639      0.0000000000
          1.582     -0.8675051086      0.0000000000
          1.632     -0.8950449533      0.0000000000
          1.682     -0.9225847980      0.0000000000
          1.732     -0.9501246427      0.0000000000
          1.782     -0.9776644875      0.0000000000
          1.833     -1.0052043322      0.0000000000
          1.883     -1.0327441769      0.0000000000
          1.933     -1.0602840216      0.0000000000
          1.983     -1.0878238663      0.0000000000
          2.033     -1.1153637110      0.0000000000
          2.084     -1.1429035558      0.0000000000
          2.134     -1.1704434005      0.0000000000
          2.184     -1.1979832452      0.0000000000
          2.234     -1.2255230899      0.0000000000
          2.284     -0.9718171375      0.0322580645
          2.335     -0.5926078500      0.1129032258
          2.385      0.1735835713      0.2903225806
          2.435     -0.0164303531      0.4516129032
          2.485      1.3512427039      0.7903225806
          2.535      0.5097498297      1.0322580645
          2.586      2.0604388746      1.4838709677
          2.636      0.9916461467      1.8064516129
          2.686      1.5165309941      2.2096774194
          2.736      1.3167312728      2.5967741935
          2.786      1.1231387201      2.9677419355
          2.837      0.9354237812      3.3225806452
          2.887     -0.0256604745      3.5483870968
          2.937      1.2326718092      3.9677419355
          2.987      1.3724139803      4.4193548387
          3.038      0.6605498536      4.7741935484
          3.088     -0.0290608505      5.0322580645
          3.138      0.1215170307      5.3225806452
          3.188     -0.2373311944      5.5645161290
          3.238      0.7037076396      5.9677419355
          3.289      0.2475596858      6.3064516129
          3.339     -0.4843514920      6.5322580645
          3.389     -0.5318468706      6.7580645161
          3.439      0.5421429846      7.1774193548
          3.489      0.2955309668      7.5645161290
          3.540      1.3257560912      8.1451612903
          3.590     -1.0742044726      8.3064516129
          3.640     -0.4963012814      8.5806451613
          3.690     -0.1960355195      8.9193548387
          3.740     -0.1622275042      9.2741935484
          3.791      1.1411817771      9.8870967742
          3.841     -0.3503448553     10.2258064516
          3.891     -1.0610394031     10.4354838710
          3.941     -0.4501737202     10.7741935484
          3.991     -0.0968215311     11.1935483871
          4.042     -0.1503556860     11.6129032258
          4.092     -0.4387802806     11.9838709677
          4.142     -0.7984383915     12.2903225806
          4.192     -0.0773355267     12.7580645161
          4.242     -0.4340622160     13.1612903226
          4.293      0.4142962634     13.7580645161
          4.343      0.3547461187     14.3548387097
          4.393      0.1496755043     14.9193548387
          4.443      0.3101157379     15.5322580645
          4.493      0.1088954434     16.1129032258
          4.544     -0.2298907683     16.6290322581
          4.594     -0.2122271610     17.1612903226
          4.644      0.3578460822     17.8387096774
          4.694      0.0255000363     18.4516129032
          4.745     -0.6389422876     18.9193548387
          4.795     -0.0170384385     19.5483870968
          4.845     -0.3368802359     20.1129032258
          4.895     -0.5851001208     20.6290322581
          4.945     -0.4390802198     21.1935483871
          4.996      0.8609769317     22.0967741935
          5.046     -0.2210691624     22.7419354839
          5.096     -0.0215395797     23.4516129032
          5.146     -0.4506892053     24.0645161290
          5.196      0.3025346001     24.8870967742
          5.247      0.1835936953     25.6935483871
          5.297     -0.1155638511     26.4354838710
          5.347     -0.1692994571     27.1774193548
          5.397     -0.2820691367     27.9032258065
          5.447      0.2554335563     28.7903225806
          5.498      0.7826159787     29.8387096774
          5.548      0.0837431898     30.7096774194
          5.598      0.5446352285     31.7258064516
          5.648      0.0299510412     32.6129032258
          5.698     -0.0815244949     33.4838709677
          5.749      0.5349399938     34.5483870968
          5.799      0.0322773641     35.4838709677
          5.849      0.4165434541     36.5483870968
          5.899      0.0314184493     37.5161290323
          5.949      0.3542804526     38.5967741935
          6.000     -0.2389776400     39.5161290323
          6.050      0.6108565196     40.7096774194
          6.100     -0.3969590696     41.6129032258
          6.150      0.8050230001     42.9032258065
          6.201     -0.7070384113     43.7419354839
          6.251      0.2202701967     44.8870967742
          6.301     -0.7540674375     45.7419354839
          6.351     -0.0442449351     46.8387096774
          6.401      0.2525325256     48.0483870968
          6.452     -0.2026521576     49.1290322581
          6.502     -0.5030029893     50.1290322581
          6.552      0.2795129618     51.4032258065
          6.602     -0.3613823843     52.4838709677
          6.652     -0.2203622281     53.6290322581
          6.703      0.6850024616     55.0967741935
          6.753      0.4823158416     56.5161290323
          6.803     -0.1427829075     57.7419354839
          6.853     -0.6184983654     58.8225806452
          6.903      0.3083569408     60.2419354839
          6.954      0.5746434614     61.7741935484
          7.004      0.0569631536     63.1451612903
          7.054      0.0472157215     64.5322580645
          7.104     -0.0848823747     65.8870967742
          7.154     -0.4325177160     67.1129032258
          7.205      0.2434404255     68.5645161290
          7.255     -0.6208594461     69.7096774194
          7.305      0.5543632140     71.2419354839
          7.355     -0.6223372565     72.3709677419
          7.405     -0.5475811726     73.5161290323
          7.456      0.9884687196     75.1451612903
          7.506     -0.4904319123     76.2903225806
          7.556      0.1637959880     77.6290322581
          7.606     -0.4258786634     78.7741935484
          7.657      0.0922678553     80.0645161290
          7.707     -0.7351273661     81.0967741935
          7.757      1.0188328415     82.6290322581
          7.807      0.2370171318     83.9193548387
          7.857      0.7507864784     85.3387096774
          7.908     -0.4139091997     86.4193548387
          7.958     -0.1893304328     87.5483870968
          8.008      0.1664023602     88.7580645161
          8.058      0.7848379004     90.1129032258
          8.108      0.3545957331     91.3387096774
          8.159      0.8105804957     92.6612903226
          8.209     -0.0950667946     93.7419354839
          8.259     -0.5002433295     94.7096774194
          8.309      0.6563692437     95.9354838710
          8.359     -0.1683538775     96.9516129032
          8.410     -0.6703873303     97.8387096774
          8.460     -0.6075676619     98.7258064516
          8.510      0.8853529179     99.9193548387
          8.560     -0.0078178347    100.9032258065
          8.610      0.3949707306    101.9516129032
          8.661     -0.5528675165    102.7903225806
          8.711      0.5220421176    103.8225806452
          8.761      0.6353465675    104.8548387097
          8.811      0.4069918087    105.8225806452
          8.861     -1.0896716412    106.5000000000
          8.912      0.0078717692    107.3548387097
          8.962     -0.6351081433    108.0806451613
          9.012     -1.4138515511    108.6612903226
          9.062     -0.0149548061    109.4516129032
          9.113      0.3281873193    110.2741935484
          9.163      1.4521335454    111.2419354839
          9.213     -0.2487316860    111.9354838710
          9.263      1.0554585682    112.7903225806
          9.313     -0.1832388963    113.4516129032
          9.364      0.6054752674    114.1935483871
          9.414      0.8110361603    114.9354838710
          9.464     -0.9944095438    115.4354838710
          9.514      0.2944065681    116.0645161290
          9.564     -0.8093598372    116.5483870968
          9.615     -0.1566389324    117.0806451613
          9.665      1.3802183964    117.7419354839
          9.715      0.1658741325    118.2580645161
          9.765     -0.8201871718    118.6612903226
          9.815     -0.5749751775    119.0645161290
          9.866     -0.0901972409    119.4838709677
          9.916     -2.1592700228    119.7258064516
          9.966     -0.3033254534    120.0806451613
         10.016      0.3311734897    120.4516129032
