# Faber-Ziman Sij(q)             [Ge,Ge]                   
        0.4489111783           0.1337420607   
        0.4980133560           0.0555051534   
        0.5471155336          -0.0033087950   
        0.5962177112          -0.0416444469   
        0.6453198889          -0.0601731402   
        0.6944220665          -0.0611008307   
        0.7435242442          -0.0478353125   
        0.7926264218          -0.0245503352   
        0.8417285995           0.0043045563   
        0.8908307771           0.0344937972   
        0.9399329547           0.0624310012   
        0.9890351324           0.0855123298   
        1.0381373100           0.1023135264   
        1.0872394877           0.1126331859   
        1.1363416653           0.1173841509   
        1.1854438430           0.1183540045   
        1.2345460206           0.1178719753   
        1.2836481982           0.1184309611   
        1.3327503759           0.1223182574   
        1.3818525535           0.1313062052   
        1.4309547312           0.1464446228   
        1.4800569088           0.1679817641   
        1.5291590865           0.1954216807   
        1.5782612641           0.2277058167   
        1.6273634417           0.2634882133   
        1.6764656194           0.3014594262   
        1.7255677970           0.3406662387   
        1.7746699747           0.3807737328   
        1.8237721523           0.4222235109   
        1.8728743300           0.4662560246   
        1.9219765076           0.5147842874   
        1.9710786853           0.5701281628   
        2.0201808629           0.6346399398   
        2.0692830405           0.7102699764   
        2.1183852182           0.7981331126   
        2.1674873958           0.8981403679   
        2.2165895735           1.0087552341   
        2.2656917511           1.1269199526   
        2.3147939288           1.2481760786   
        2.3638961064           1.3669780175   
        2.4129982840           1.4771714897   
        2.4621004617           1.5725847798   
        2.5112026393           1.6476627081   
        2.5603048170           1.6980643600   
        2.6094069946           1.7211473634   
        2.6585091723           1.7162740992   
        2.7076113499           1.6848972171   
        2.7567135275           1.6304103638   
        2.8058157052           1.5577811295   
        2.8549178828           1.4730124402   
        2.9040200605           1.3825016184   
        2.9531222381           1.2923796493   
        3.0022244158           1.2079147206   
        3.0513265934           1.1330535886   
        3.1004287711           1.0701533100   
        3.1495309487           1.0199276350   
        3.1986331263           0.9816012530   
        3.2477353040           0.9532359802   
        3.2968374816           0.9321703733   
        3.3459396593           0.9155015482   
        3.3950418369           0.9005368972   
        3.4441440146           0.8851536997   
        3.4932461922           0.8680241515   
        3.5423483698           0.8486884292   
        3.5914505475           0.8274845342   
        3.6405527251           0.8053662595   
        3.6896549028           0.7836559342   
        3.7387570804           0.7637842921   
        3.7878592581           0.7470654466   
        3.8369614357           0.7345419683   
        3.8860636133           0.7269164789   
        3.9351657910           0.7245659992   
        3.9842679686           0.7276176542   
        4.0333701463           0.7360527589   
        4.0824723239           0.7498029251   
        4.1315745016           0.7688070373   
        4.1806766792           0.7930103333   
        4.2297788568           0.8223034809   
        4.2788810345           0.8564166596   
        4.3279832121           0.8947973786   
        4.3770853898           0.9365079141   
        4.4261875674           0.9801771092   
        4.4752897451           1.0240318443   
        4.5243919227           1.0660175908   
        4.5734941004           1.1039983354   
        4.6225962780           1.1360078192   
        4.6716984556           1.1605104364   
        4.7208006333           1.1766243385   
        4.7699028109           1.1842628379   
        4.8190049886           1.1841627327   
        4.8681071662           1.1777875069   
        4.9172093439           1.1671158503   
        4.9663115215           1.1543472711   
        5.0154136991           1.1415725331   
        5.0645158768           1.1304640497   
        5.1136180544           1.1220386522   
        5.1627202321           1.1165327261   
        5.2118224097           1.1134098857   
        5.2609245874           1.1114978666   
        5.3100267650           1.1092286186   
        5.3591289426           1.1049379218   
        5.4082311203           1.0971714955   
        5.4573332979           1.0849451097   
        5.5064354756           1.0679163122   
        5.5555376532           1.0464428679   
        5.6046398309           1.0215243211   
        5.6537420085           0.9946440308   
        5.7028441861           0.9675456256   
        5.7519463638           0.9419870703   
        5.8010485414           0.9195160362   
        5.8501507191           0.9013023957   
        5.8992528967           0.8880494723   
        5.9483550744           0.8799884253   
        5.9974572520           0.8769435261   
        6.0465594297           0.8784435140   
        6.0956616073           0.8838480755   
        6.1447637849           0.8924596687   
        6.1938659626           0.9035986963   
        6.2429681402           0.9166322645   
        6.2920703179           0.9309604083   
        6.3411724955           0.9459754516   
        6.3902746732           0.9610173692   
        6.4393768508           0.9753489858   
        6.4884790284           0.9881694249   
        6.5375812061           0.9986737261   
        6.5866833837           1.0061534718   
        6.6357855614           1.0101207208   
        6.6848877390           1.0104285626   
        6.7339899167           1.0073584536   
        6.7830920943           1.0016481803   
        6.8321942719           0.9944443009   
        6.8812964496           0.9871773287   
        6.9303986272           0.9813737982   
        6.9795008049           0.9784333488   
        7.0286029825           0.9794080478   
        7.0777051602           0.9848232699   
        7.1268073378           0.9945738853   
        7.1759095155           1.0079171707   
        7.2250116931           1.0235670242   
        7.2741138707           1.0398759519   
        7.3232160484           1.0550754039   
        7.3723182260           1.0675344375   
        7.4214204037           1.0759934309   
        7.4705225813           1.0797342443   
        7.5196247590           1.0786599019   
        7.5687269366           1.0732732426   
        7.6178291142           1.0645619260   
        7.6669312919           1.0538132841   
        7.7160334695           1.0423938312   
        7.7651356472           1.0315328392   
        7.8142378248           1.0221466378   
        7.8633400025           1.0147310426   
        7.9124421801           1.0093355558   
        7.9615443577           1.0056175284   
        8.0106465354           1.0029602852   
        8.0597487130           1.0006288687   
        8.1088508907           0.9979322595   
        8.1579530683           0.9943621950   
        8.2070552460           0.9896853900   
        8.2561574236           0.9839763899   
        8.3052596012           0.9775902205   
        8.3543617789           0.9710850554   
        8.4034639565           0.9651132968   
        8.4525661342           0.9603034753   
        8.5016683118           0.9571548503   
        8.5507704895           0.9559620894   
        8.5998726671           0.9567801906   
        8.6489748448           0.9594315461   
        8.6980770224           0.9635494205   
        8.7471792000           0.9686464843   
        8.7962813777           0.9741942165   
        8.8453835553           0.9796990923   
        8.8944857330           0.9847640562   
        8.9435879106           0.9891279454   
        8.9926900883           0.9926802210   
        9.0417922659           0.9954525988   
        9.0908944435           0.9975922549   
        9.1399966212           0.9993229108   
        9.1890987988           1.0009003676   
        9.2382009765           1.0025683341   
        9.2873031541           1.0045191824   
        9.3364053318           1.0068630389   
        9.3855075094           1.0096076452   
        9.4346096870           1.0126507677   
        9.4837118647           1.0157863939   
        9.5328140423           1.0187252645   
        9.5819162200           1.0211291450   
        9.6310183976           1.0226565447   
        9.6801205753           1.0230154579   
        9.7292227529           1.0220165232   
        9.7783249306           1.0196183549   
        9.8274271082           1.0159563128   
        9.8765292858           1.0113471167   
        9.9256314635           1.0062646614   
        9.9747336411           1.0012868817   
       10.0238358188           0.9970188758   
       10.0729379964           0.9940027080   
       10.1220401741           0.9926282224   
       10.1711423517           0.9930607896   
       10.2202445293           0.9952005369   
       10.2693467070           0.9986831973   
       10.3184488846           1.0029258461   
       10.3675510623           1.0072126418   
       10.4166532399           1.0108077928   
       10.4657554176           1.0130769798   
       10.5148575952           1.0135957209   
       10.5639597728           1.0122244539   
       10.6130619505           1.0091354228   
       10.6621641281           1.0047849408   
       10.7112663058           0.9998347185   
       10.7603684834           0.9950357406   
       10.8094706611           0.9910956575   
       10.8585728387           0.9885542625   
       10.9076750163           0.9876904872   
       10.9567771940           0.9884785857   
       11.0058793716           0.9906018211   
       11.0549815493           0.9935208439   
       11.1040837269           0.9965832578   
       11.1531859046           0.9991527792   
       11.2022880822           1.0007325735   
       11.2513902599           1.0010586027   
       11.3004924375           1.0001449281   
       11.3495946151           0.9982726467   
       11.3986967928           0.9959255215   
       11.4477989704           0.9936860670   
       11.4969011481           0.9921136720   
       11.5460033257           0.9916296875   
       11.5951055034           0.9924326119   
       11.6442076810           0.9944599759   
       11.6933098586           0.9974036671   
       11.7424120363           1.0007743213   
       11.7915142139           1.0040003902   
       11.8406163916           1.0065406633   
       11.8897185692           1.0079867686   
       11.9388207469           1.0081349270   
       11.9879229245           1.0070133155   
       12.0370251021           1.0048612408   
       12.0861272798           1.0020667560   
       12.1352294574           0.9990781188   
       12.1843316351           0.9963096918   
       12.2334338127           0.9940634298   
       12.2825359904           0.9924829277   
       12.3316381680           0.9915490777   
       12.3807403457           0.9911165110   
       12.4298425233           0.9909804033   
       12.4789447009           0.9909560662   
       12.5280468786           0.9909506650   
       12.5771490562           0.9910081151   
       12.6262512339           0.9913143818   
       12.6753534115           0.9921596946   
       12.7244555892           0.9938645422   
       12.7735577668           0.9966854038   
       12.8226599444           1.0007219267   
       12.8717621221           1.0058482795   
       12.9208642997           1.0116873402   
       12.9699664774           1.0176379414   
       13.0190686550           1.0229543128   
       13.0681708327           1.0268654452   
       13.1172730103           1.0287128032   
       13.1663751879           1.0280796866   
       13.2154773656           1.0248857933   
       13.2645795432           1.0194262756   
       13.3136817209           1.0123447571   
       13.3627838985           1.0045424079   
       13.4118860762           0.9970377265   
       13.4609882538           0.9908016115   
       13.5100904314           0.9865975683   
       13.5591926091           0.9848563956   
       13.6082947867           0.9856084657   
       13.6573969644           0.9884859714   
       13.7064991420           0.9927943748   
       13.7556013197           0.9976393402   
       13.8047034973           1.0020852299   
       13.8538056750           1.0053157369   
       13.9029078526           1.0067674698   
       13.9520100302           1.0062131303   
       14.0011122079           1.0037811050   
       14.0502143855           0.9999107238   
       14.0993165632           0.9952546292   
       14.1484187408           0.9905492570   
       14.1975209185           0.9864795402   
       14.2466230961           0.9835637506   
       14.2957252737           0.9820791051   
       14.3448274514           0.9820396306   
       14.3939296290           0.9832267774   
       14.4430318067           0.9852626896   
       14.4921339843           0.9877080153   
       14.5412361620           0.9901621936   
       14.5903383396           0.9923449426   
       14.6394405172           0.9941428327   
       14.6885426949           0.9956131192   
       14.7376448725           0.9969465772   
       14.7867470502           0.9983998820   
       14.8358492278           1.0002142820   
       14.8849514055           1.0025397056   
       14.9340535831           1.0053816511   
       14.9831557607           1.0085827406   
       15.0322579384           1.0118429455   
       15.0813601160           1.0147739562   
       15.1304622937           1.0169757971   
       15.1795644713           1.0181191105   
       15.2286666490           1.0180154762   
       15.2777688266           1.0166608277   
       15.3268710043           1.0142428175   
       15.3759731819           1.0111105860   
       15.4250753595           1.0077131627   
       15.4741775372           1.0045190596   
       15.5232797148           1.0019332142   
       15.5723818925           1.0002276382   
       15.6214840701           0.9994989787   
       15.6705862478           0.9996604440   
       15.7196884254           1.0004684535   
       15.7687906030           1.0015774421   
       15.8178927807           1.0026109058   
       15.8669949583           1.0032340508   
       15.9160971360           1.0032137813   
       15.9651993136           1.0024550205   
       16.0143014913           1.0010077295   
       16.0634036689           0.9990452561   
       16.1125058465           0.9968204816   
       16.1616080242           0.9946104220   
       16.2107102018           0.9926616835   
       16.2598123795           0.9911481936   
       16.3089145571           0.9901492611   
       16.3580167348           0.9896510642   
       16.4071189124           0.9895692703   
       16.4562210901           0.9897858231   
       16.5053232677           0.9901899961   
       16.5544254453           0.9907131997   
       16.6035276230           0.9913488157   
       16.6526298006           0.9921520761   
       16.7017319783           0.9932198565   
       16.7508341559           0.9946551156   
       16.7999363336           0.9965245315   
       16.8490385112           0.9988198046   
       16.8981406888           1.0014327030   
       16.9472428665           1.0041512706   
       16.9963450441           1.0066802585   
       17.0454472218           1.0086836654   
       17.0945493994           1.0098423695   
       17.1436515771           1.0099162166   
       17.1927537547           1.0087983780   
       17.2418559323           1.0065506420   
       17.2909581100           1.0034114536   
       17.3400602876           0.9997733571   
       17.3891624653           0.9961321358   
       17.4382646429           0.9930152779   
       17.4873668206           0.9909014277   
       17.5364689982           0.9901444217   
       17.5855711758           0.9909149865   
       17.6346733535           0.9931702810   
       17.6837755311           0.9966567294   
       17.7328777088           1.0009458772   
       17.7819798864           1.0054973623   
       17.8310820641           1.0097385264   
       17.8801842417           1.0131475186   
       17.9292864194           1.0153264010   
       17.9783885970           1.0160527737   
       18.0274907746           1.0153023938   
       18.0765929523           1.0132404061   
       18.1256951299           1.0101841980   
       18.1747973076           1.0065455659   
       18.2238994852           1.0027630206   
       18.2730016629           0.9992361616   
       18.3221038405           0.9962729859   
       18.3712060181           0.9940580368   
       18.4203081958           0.9926450547   
       18.4694103734           0.9919730973   
       18.5185125511           0.9919008216   
       18.5676147287           0.9922505673   
       18.6167169064           0.9928525607   
       18.6658190840           0.9935801711   
       18.7149212616           0.9943695213   
       18.7640234393           0.9952203501   
       18.8131256169           0.9961791405   
       18.8622277946           0.9973093111   
       18.9113299722           0.9986559951   
       18.9604321499           1.0002140608   
       19.0095343275           1.0019073495   
       19.0586365052           1.0035847574   
       19.1077386828           1.0050352537   
       19.1568408604           1.0060198933   
       19.2059430381           1.0063151777   
       19.2550452157           1.0057594688   
       19.3041473934           1.0042931347   
       19.3532495710           1.0019839102   
       19.4023517487           0.9990314865   
       19.4514539263           0.9957491114   
       19.5005561039           0.9925242883   
       19.5496582816           0.9897646613   
       19.5987604592           0.9878380948   
       19.6478626369           0.9870172169   
       19.6969648145           0.9874380342   
       19.7460669922           0.9890797581   
       19.7951691698           0.9917691760   
       19.8442713474           0.9952084795   
       19.8933735251           0.9990212847   
       19.9424757027           1.0028084466   
       19.9915778804           1.0062037833   
       20.0406800580           1.0089202443   
       20.0897822357           1.0107792824   
       20.1388844133           1.0117197343   
       20.1879865909           1.0117866509   
       20.2370887686           1.0111043896   
       20.2861909462           1.0098411040   
       20.3352931239           1.0081729728   
       20.3843953015           1.0062558869   
       20.4334974792           1.0042100253   
       20.4825996568           1.0021193304   
       20.5317018345           1.0000441098   
       20.5808040121           0.9980416916   
       20.6299061897           0.9961880043   
       20.6790083674           0.9945926104   
       20.7281105450           0.9934012084   
       20.7772127227           0.9927826314   
       20.8263149003           0.9929012580   
       20.8754170780           0.9938796571   
       20.9245192556           0.9957593117   
       20.9736214332           0.9984686815   
       21.0227236109           1.0018072616   
       21.0718257885           1.0054517107   
       21.1209279662           1.0089859964   
       21.1700301438           1.0119526646   
       21.2191323215           1.0139177687   
       21.2682344991           1.0145386721   
       21.3173366767           1.0136226157   
       21.3664388544           1.0111649779   
       21.4155410320           1.0073594194   
       21.4646432097           1.0025770226   
       21.5137453873           0.9973171505   
       21.5628475650           0.9921379666   
       21.6119497426           0.9875783262   
       21.6610519202           0.9840843020   
       21.7101540979           0.9819526316   
       21.7592562755           0.9813000507   
       21.8083584532           0.9820624845   
       21.8574606308           0.9840224194   
       21.9065628085           0.9868576097   
       21.9556649861           0.9902006363   
       22.0047671638           0.9936974295   
       22.0538693414           0.9970539357   
       22.1029715190           1.0000633676   
       22.1520736967           1.0026111697   
       22.2011758743           1.0046599150   
       22.2502780520           1.0062207013   
       22.2993802296           1.0073202870   
       22.3484824073           1.0079736269   
       22.3975845849           1.0081695723   
       22.4466867625           1.0078737436   
       22.4957889402           1.0070478449   
       22.5448911178           1.0056800790   
       22.5939932955           1.0038179306   
       22.6430954731           1.0015932520   
       22.6921976508           0.9992306859   
       22.7412998284           0.9970338380   
       22.7904020060           0.9953485706   
       22.8395041837           0.9945082680   
       22.8886063613           0.9947706925   
       22.9377085390           0.9962590015   
       22.9868107166           0.9989198665   
       23.0359128943           1.0025092184   
       23.0850150719           1.0066113062   
       23.1341172496           1.0106904249   
       23.1832194272           1.0141680973   
       23.2323216048           1.0165130587   
       23.2814237825           1.0173282446   
       23.3305259601           1.0164188555   
       23.3796281378           1.0138285803   
       23.4287303154           1.0098366754   
       23.4778324931           1.0049157579   
       23.5269346707           0.9996574713   
       23.5760368483           0.9946791767   
       23.6251390260           0.9905283166   
       23.6742412036           0.9876013967   
       23.7233433813           0.9860915704   
       23.7724455589           0.9859732051   
       23.8215477366           0.9870246826   
       23.8706499142           0.9888834690   
       23.9197520918           0.9911216253   
       23.9688542695           0.9933265453   
       24.0179564471           0.9951714351   
       24.0670586248           0.9964628498   
       24.1161608024           0.9971578280   
       24.1652629801           0.9973496714   
       24.2143651577           0.9972278203   
       24.2634673353           0.9970222648   
       24.3125695130           0.9969454974   
       24.3616716906           0.9971447189   
       24.4107738683           0.9976740012   
       24.4598760459           0.9984911428   
       24.5089782236           0.9994781625   
       24.5580804012           1.0004790507   
       24.6071825789           1.0013447093   
       24.6562847565           1.0019737279   
       24.7053869341           1.0023389959   
       24.7544891118           1.0024937864   
       24.8035912894           1.0025559974   
       24.8526934671           1.0026745351   
       24.9017956447           1.0029861614   
       24.9508978224           1.0035735083   
