# r/g(r)/dn[At1,At2]:      g(r)[Ge,Ge]            dn(r)            
       0.023586          -0.0155980554        0.0000000000
       0.070759          -0.0467941661        0.0000000000
       0.117932          -0.0779902768        0.0000000000
       0.165105          -0.1091863875        0.0000000000
       0.212278          -0.1403824983        0.0000000000
       0.259451          -0.1715786090        0.0000000000
       0.306624          -0.2027747197        0.0000000000
       0.353796          -0.2339708305        0.0000000000
       0.400969          -0.2651669412        0.0000000000
       0.448142          -0.2963630519        0.0000000000
       0.495315          -0.3275591626        0.0000000000
       0.542488          -0.3587552734        0.0000000000
       0.589661          -0.3899513841        0.0000000000
       0.636834          -0.4211474948        0.0000000000
       0.684006          -0.4523436055        0.0000000000
       0.731179          -0.4835397163        0.0000000000
       0.778352          -0.5147358270        0.0000000000
       0.825525          -0.5459319377        0.0000000000
       0.872698          -0.5771280484        0.0000000000
       0.919871          -0.6083241592        0.0000000000
       0.967044          -0.6395202699        0.0000000000
       1.014216          -0.6707163806        0.0000000000
       1.061389          -0.7019124914        0.0000000000
       1.108562          -0.7331086021        0.0000000000
       1.155735          -0.7643047128        0.0000000000
       1.202908          -0.7955008235        0.0000000000
       1.250081          -0.8266969343        0.0000000000
       1.297254          -0.8578930450        0.0000000000
       1.344427          -0.8890891557        0.0000000000
       1.391599          -0.9202852664        0.0000000000
       1.438772          -0.9514813772        0.0000000000
       1.485945          -0.9826774879        0.0000000000
       1.533118          -1.0138735986        0.0000000000
       1.580291          -1.0450697094        0.0000000000
       1.627464          -1.0762658201        0.0000000000
       1.674637          -1.1074619308        0.0000000000
       1.721809          -1.1386580415        0.0000000000
       1.768982          -1.1698541523        0.0000000000
       1.816155          -1.2010502630        0.0000000000
       1.863328          -1.2322463737        0.0000000000
       1.910501          -1.2634424844        0.0000000000
       1.957674          -1.2946385952        0.0000000000
       2.004847          -1.3258347059        0.0000000000
       2.052019          -1.3570308166        0.0000000000
       2.099192          -1.3882269274        0.0000000000
       2.146365          -1.4194230381        0.0000000000
       2.193538          -1.4506191488        0.0000000000
       2.240711          -1.4818152595        0.0000000000
       2.287884          -1.5130113703        0.0000000000
       2.335057          -1.3977862950        0.0161290323
       2.382229          -1.5754035917        0.0161290323
       2.429402          -1.4658644116        0.0322580645
       2.476575          -0.8094671191        0.1290322581
       2.523748          -0.5851961574        0.2580645161
       2.570921           1.6245330025        0.6612903226
       2.618094           1.7946208332        1.0967741935
       2.665267           5.5494665070        2.0161290323
       2.712439           4.1306043064        2.7741935484
       2.759612           4.6176219382        3.6129032258
       2.806785           3.3818273413        4.3064516129
       2.853958           3.7432587570        5.0645161290
       2.901131           2.0884279308        5.6129032258
       2.948304           0.9494193136        6.0161290323
       2.995477           1.4432731499        6.5000000000
       3.042649           0.5723911772        6.8709677419
       3.089822          -0.1621967761        7.1451612903
       3.136995          -0.1126879005        7.4354838710
       3.184168           0.2565614615        7.7903225806
       3.231341           0.0850707392        8.1290322581
       3.278514           0.0219044545        8.4677419355
       3.325687          -0.5543956082        8.7258064516
       3.372860           0.2023654880        9.1129032258
       3.420032          -0.8621080393        9.3387096774
       3.467205          -1.1095699094        9.5322580645
       3.514378           0.3999651704        9.9838709677
       3.561551          -0.9153084961       10.2258064516
       3.608724          -0.2073676210       10.5967741935
       3.655897          -0.1731583039       10.9838709677
       3.703070           0.0440470172       11.4193548387
       3.750242          -0.8390342801       11.7096774194
       3.797415          -0.3503919069       12.0967741935
       3.844588          -0.5859665329       12.4516129032
       3.891761          -0.4651681631       12.8387096774
       3.938934           0.4332121824       13.4032258065
       3.986107           0.3660632186       13.9677419355
       4.033280          -0.7175096960       14.3387096774
       4.080452          -0.0171171795       14.8548387097
       4.127625           0.0867123663       15.4032258065
       4.174798          -0.1401034954       15.9193548387
       4.221971          -0.2815646036       16.4193548387
       4.269144          -0.3405003379       16.9193548387
       4.316317          -0.5572564936       17.3870967742
       4.363490          -0.0647874188       17.9677419355
       4.410662          -0.5912664756       18.4516129032
       4.457835          -0.8771674431       18.8870967742
       4.505008          -0.7782564230       19.3548387097
       4.552181          -0.8322601250       19.8225806452
       4.599354          -0.7371184186       20.3225806452
       4.646527          -1.3067987249       20.7096774194
       4.693700          -0.4087641192       21.3064516129
       4.740872          -0.7552572034       21.8387096774
       4.788045          -0.6670822803       22.4032258065
       4.835218          -0.9347993303       22.9193548387
       4.882391          -0.8477991994       23.4677419355
       4.929564          -1.1792165669       23.9516129032
       4.976737           0.4187080511       24.8225806452
       5.023910           0.4207344662       25.7096774194
       5.071082          -0.3869410713       26.4193548387
       5.118255          -0.7794903446       27.0483870968
       5.165428          -0.5035177533       27.7580645161
       5.212601           0.8819792569       28.8225806452
       5.259774           0.8769621187       29.9032258065
       5.306947           0.6137712230       30.9354838710
       5.354120           1.9511546979       32.3225806452
       5.401293           0.9857705431       33.4838709677
       5.448465           0.9778677821       34.6612903226
       5.495638           1.1562102186       35.9032258065
       5.542811           0.4673884599       36.9838709677
       5.589984           1.6246156545       38.3870967742
       5.637157           0.8817051134       39.6129032258
       5.684330           1.2333039243       40.9516129032
       5.731503           0.5644705988       42.1290322581
       5.778675           0.2018865349       43.2258064516
       5.825848           1.1358206214       44.5967741935
       5.873021           0.8899043889       45.9193548387
       5.920194           0.3008893046       47.0967741935
       5.967367           0.7520375420       48.4193548387
       6.014540           0.4566019850       49.6774193548
       6.061713           0.8985456913       51.0806451613
       6.108885           0.0458822011       52.2580645161
       6.156058          -0.3498663758       53.3387096774
       6.203231          -0.2440055226       54.4677419355
       6.250404           0.8991311321       55.9516129032
       6.297577          -0.3099065983       57.0967741935
       6.344750           0.0074600731       58.3548387097
       6.391923          -0.0547566920       59.6129032258
       6.439095           0.1489778573       60.9516129032
       6.486268          -0.7576816726       62.0322580645
       6.533441          -0.3957170829       63.2419354839
       6.580614          -0.5589636514       64.4193548387
       6.627787          -0.1528663825       65.7419354839
       6.674960          -0.3017753115       67.0322580645
       6.722133          -0.2817554487       68.3225806452
       6.769305          -0.7275246459       69.4677419355
       6.816478          -0.4889455330       70.6774193548
       6.863651          -0.6773843794       71.8225806452
       6.910824          -0.9810511695       72.8709677419
       6.957997          -1.2370769512       73.8387096774
       7.005170          -0.6458639242       74.9677419355
       7.052343          -1.4813515835       75.8548387097
       7.099515          -1.1669014154       76.8225806452
       7.146688          -0.3628760771       78.0000000000
       7.193861          -0.3209008006       79.1774193548
       7.241034           0.1562446118       80.4677419355
       7.288207          -0.7952803592       81.5000000000
       7.335380           0.1404971973       82.7580645161
       7.382553          -0.9735633983       83.7258064516
       7.429726          -0.6015333638       84.7741935484
       7.476898           0.5964107495       86.0967741935
       7.524071          -0.5689324639       87.1290322581
       7.571244           0.2573196962       88.3387096774
       7.618417           0.4732497484       89.5806451613
       7.665590           0.5531000766       90.8225806452
       7.712763           0.5629967076       92.0483870968
       7.759936           0.7267888871       93.2903225806
       7.807108           0.9766606530       94.5645161290
       7.854281           1.5565306069       95.9354838710
       7.901454           0.4585989392       97.0645161290
       7.948627           0.9729752940       98.2741935484
       7.995800           2.4480408356       99.7419354839
       8.042973           0.4263967993      100.8064516129
       8.090146           0.3582151976      101.8387096774
       8.137318           1.1111585287      102.9838709677
       8.184491           1.5294553561      104.1774193548
       8.231664           0.4307867055      105.1612903226
       8.278837           1.0546194278      106.2258064516
       8.326010           0.2912941354      107.1451612903
       8.373183           0.3228541962      108.0483870968
       8.420356          -1.4737280215      108.6612903226
       8.467528          -1.2683797730      109.2903225806
       8.514701           1.2433359796      110.2580645161
       8.561874          -0.3381066206      110.9838709677
       8.609047          -0.3119339917      111.6935483871
       8.656220          -0.5349043338      112.3548387097
       8.703393          -0.2471315401      113.0322580645
       8.750566           0.6089185334      113.7903225806
       8.797738          -1.1522086032      114.3225806452
       8.844911          -1.7296293449      114.7741935484
       8.892084           0.7138421889      115.4677419355
       8.939257           0.0132283999      116.0645161290
       8.986430           0.7585361121      116.7096774194
       9.033603           0.7008410757      117.3225806452
       9.080776          -0.4671698570      117.8064516129
       9.127948          -1.9517220254      118.1451612903
       9.175121          -1.5457054163      118.5000000000
       9.222294          -0.8692116405      118.8870967742
       9.269467           0.8251915670      119.3709677419
       9.316640           0.0309200998      119.7741935484
       9.363813          -0.0777397711      120.1451612903
       9.410986           0.3751409988      120.5161290323
