# r/g(r)/dn[At1,At2]:      g(r)[Ge,Ge]            dn(r)            
       0.024160          -0.0148661494        0.0000000000
       0.072480          -0.0445984481        0.0000000000
       0.120800          -0.0743307468        0.0000000000
       0.169120          -0.1040630455        0.0000000000
       0.217441          -0.1337953442        0.0000000000
       0.265761          -0.1635276429        0.0000000000
       0.314081          -0.1932599416        0.0000000000
       0.362401          -0.2229922403        0.0000000000
       0.410721          -0.2527245390        0.0000000000
       0.459041          -0.2824568377        0.0000000000
       0.507361          -0.3121891364        0.0000000000
       0.555682          -0.3419214351        0.0000000000
       0.604002          -0.3716537338        0.0000000000
       0.652322          -0.4013860325        0.0000000000
       0.700642          -0.4311183312        0.0000000000
       0.748962          -0.4608506299        0.0000000000
       0.797282          -0.4905829286        0.0000000000
       0.845602          -0.5203152273        0.0000000000
       0.893923          -0.5500475260        0.0000000000
       0.942243          -0.5797798247        0.0000000000
       0.990563          -0.6095121234        0.0000000000
       1.038883          -0.6392444221        0.0000000000
       1.087203          -0.6689767208        0.0000000000
       1.135523          -0.6987090195        0.0000000000
       1.183843          -0.7284413182        0.0000000000
       1.232164          -0.7581736169        0.0000000000
       1.280484          -0.7879059156        0.0000000000
       1.328804          -0.8176382143        0.0000000000
       1.377124          -0.8473705131        0.0000000000
       1.425444          -0.8771028118        0.0000000000
       1.473764          -0.9068351105        0.0000000000
       1.522084          -0.9365674092        0.0000000000
       1.570405          -0.9662997079        0.0000000000
       1.618725          -0.9960320066        0.0000000000
       1.667045          -1.0257643053        0.0000000000
       1.715365          -1.0554966040        0.0000000000
       1.763685          -1.0852289027        0.0000000000
       1.812005          -1.1149612014        0.0000000000
       1.860325          -1.1446935001        0.0000000000
       1.908646          -1.1744257988        0.0000000000
       1.956966          -1.2041580975        0.0000000000
       2.005286          -1.2338903962        0.0000000000
       2.053606          -1.2636226949        0.0000000000
       2.101926          -1.2933549936        0.0000000000
       2.150246          -1.3230872923        0.0000000000
       2.198566          -1.3528195910        0.0000000000
       2.246887          -1.3825518897        0.0000000000
       2.295207          -1.2668581164        0.0161290323
       2.343527          -1.4420164871        0.0161290323
       2.391847          -1.3321981067        0.0322580645
       2.440167          -0.2703937485        0.1774193548
       2.488487           0.2124971923        0.3870967742
       2.536807           1.7284756037        0.7903225806
       2.585128           1.8954976404        1.2258064516
       2.633448           1.8018024392        1.6612903226
       2.681768           0.9636221070        2.0000000000
       2.730088           3.3328745427        2.6612903226
       2.778408           2.7354244654        3.2580645161
       2.826728           2.1573825144        3.7903225806
       2.875048           1.3655742043        4.2258064516
       2.923369           2.4258230752        4.8225806452
       2.971689           1.7657875859        5.3387096774
       3.020009           1.6785485776        5.8548387097
       3.068329           0.1789150166        6.1612903226
       3.116649           0.5455329225        6.5322580645
       3.164969           0.6891219824        6.9354838710
       3.213289           0.1003550323        7.2580645161
       3.261610           0.0398453065        7.5806451613
       3.309930           0.5853031244        8.0000000000
       3.358250          -0.1779111179        8.3064516129
       3.406570          -0.7243499204        8.5322580645
       3.454890          -0.3868124052        8.8225806452
       3.503210          -0.3452496335        9.1290322581
       3.551530          -0.4935965278        9.4193548387
       3.599851          -0.1751424768        9.7741935484
       3.648171          -0.3233879714       10.1129032258
       3.696491          -0.3782358976       10.4516129032
       3.744811          -0.2541673779       10.8225806452
       3.793131          -0.3100147080       11.1935483871
       3.841451          -0.2783132276       11.5806451613
       3.889771          -0.2481380210       11.9838709677
       3.938091          -0.5584712832       12.3387096774
       3.986412          -0.5270733533       12.7096774194
       4.034732          -0.6625985378       13.0645161290
       4.083052          -0.4686180185       13.4677419355
       4.131372          -0.8454307098       13.8064516129
       4.179692          -0.6551964533       14.1935483871
       4.228012           0.4773817627       14.8225806452
       4.276332          -0.7579741835       15.2096774194
       4.324653           0.5806655324       15.8870967742
       4.372973          -0.2481924303       16.4032258065
       4.421293          -0.3801155105       16.9032258065
       4.469613          -0.5845093933       17.3709677419
       4.517933          -0.0463514791       17.9677419355
       4.566253          -0.6167088655       18.4516129032
       4.614573          -0.3077322732       19.0161290323
       4.662894           0.1373941372       19.6935483871
       4.711214          -0.0648753304       20.3387096774
       4.759534          -0.5441668187       20.8870967742
       4.807854           0.4435341171       21.6774193548
       4.856174          -0.1699328471       22.3387096774
       4.904494          -0.5677223451       22.9193548387
       4.952814           0.4569546561       23.7580645161
       5.001135          -0.1405842029       24.4677419355
       5.049455           0.1982096357       25.2741935484
       5.097775           0.0716704464       26.0645161290
       5.146095           0.2712657590       26.9193548387
       5.194415           0.0810349186       27.7419354839
       5.242735           0.0210979156       28.5645161290
       5.291055           0.3402301490       29.4838709677
       5.339376           0.0904100062       30.3548387097
       5.387696           0.0923563057       31.2419354839
       5.436016           0.0323354511       32.1290322581
       5.484336           0.2771632331       33.0967741935
       5.532656          -0.0257876776       34.0000000000
       5.580976           0.3338924450       35.0161290323
       5.629296           1.2205489165       36.2903225806
       5.677617           1.0921591133       37.5483870968
       5.725937          -0.3170546906       38.4354838710
       5.774257          -0.0845812900       39.4032258065
       5.822577           0.7168143796       40.6129032258
       5.870897           1.6182402687       42.0967741935
       5.919217          -0.7098501022       42.9354838710
       5.967537           0.6909805685       44.1935483871
       6.015858          -0.3725355678       45.1612903226
       6.064178          -0.2636641155       46.1774193548
       6.112498           0.1160577954       47.3225806452
       6.160818           0.6518971506       48.6451612903
       6.209138           0.9101417540       50.0645161290
       6.257458          -0.0096140393       51.2258064516
       6.305778          -0.2275805155       52.3387096774
       6.354099           0.0826360277       53.5645161290
       6.402419          -0.6028541911       54.5967741935
       6.450739           0.1703403713       55.8870967742
       6.499059          -0.1983312162       57.0806451613
       6.547379          -0.4600375158       58.2096774194
       6.595699          -0.8195605314       59.2419354839
       6.644019           1.2874602162       60.9677419355
       6.692340          -1.3248117579       61.8709677419
       6.740660           0.8538092844       63.5000000000
       6.788980          -0.5881965054       64.6774193548
       6.837300          -0.1896275102       66.0000000000
       6.885620          -0.3181386393       67.2741935484
       6.933940          -0.2907732439       68.5483870968
       6.982260          -0.1595776403       69.8548387097
       7.030581          -0.2827382791       71.1129032258
       7.078901          -0.3034916748       72.3548387097
       7.127221          -0.2170844074       73.6129032258
       7.175541          -0.4527143332       74.7903225806
       7.223861          -0.3640315177       75.9838709677
       7.272181           1.2416477421       77.6290322581
       7.320501          -0.0610136476       78.8870967742
       7.368822          -0.7692220915       79.9354838710
       7.417142          -0.2634586773       81.1129032258
       7.465462          -0.0987065728       82.3225806452
       7.513782           0.2558861255       83.6129032258
       7.562102          -0.4932715394       84.6935483871
       7.610422          -1.2687664900       85.5645161290
       7.658742           1.4056563052       87.0967741935
       7.707062           0.3765277476       88.3548387097
       7.755383           0.3790396282       89.5967741935
       7.803703           0.9967899635       90.9677419355
       7.852023           0.2487758187       92.1451612903
       7.900343          -0.5998018064       93.1129032258
       7.948663           0.3301112348       94.2741935484
       7.996983           0.4123430490       95.4354838710
       8.045303           0.4237889723       96.5806451613
       8.093624          -0.4915895986       97.5161290323
       8.141944          -0.0226335779       98.5322580645
       8.190264           0.1456386928       99.5645161290
       8.238584           2.1486718277      100.9677419355
       8.286904          -0.4236630388      101.8548387097
       8.335224           0.8847143588      102.9677419355
       8.383544           0.7424193925      104.0322580645
       8.431865          -0.8744111048      104.7903225806
       8.480185          -1.0692503912      105.5000000000
       8.528505           0.7623079177      106.5000000000
       8.576825           0.3077049406      107.4032258065
       8.625145           0.3413409718      108.2903225806
       8.673465          -0.3620772725      109.0483870968
       8.721785           0.5298275517      109.9193548387
       8.770106           0.5798330852      110.7741935484
       8.818426          -0.2972971438      111.4838709677
       8.866746          -0.3891691744      112.1612903226
       8.915066           0.2644716078      112.9032258065
       8.963386          -0.4572175579      113.5322580645
       9.011706           0.6536773062      114.2741935484
       9.060026          -0.8071124274      114.8225806452
       9.108347           2.7265882534      115.7419354839
       9.156667           0.0126076850      116.3387096774
       9.204987          -1.6721614655      116.7419354839
       9.253307           1.0027814097      117.3870967742
       9.301627          -0.6211895122      117.8548387097
       9.349947          -0.9332229384      118.2741935484
       9.398267           0.4858034137      118.7903225806
       9.446588          -1.6591321565      119.1129032258
       9.494908          -1.2021891794      119.4516129032
       9.543228           0.2655331684      119.8709677419
       9.591548          -1.5943796383      120.1451612903
       9.639868           0.6309788116      120.5322580645
