# r/G(r)/dn[At1,At2]:      G(r)[Ge,Ge]            dn(r)
          0.025     -0.0139171247      0.0000000000
          0.075     -0.0417513742      0.0000000000
          0.125     -0.0695856237      0.0000000000
          0.175     -0.0974198732      0.0000000000
          0.225     -0.1252541226      0.0000000000
          0.275     -0.1530883721      0.0000000000
          0.325     -0.1809226216      0.0000000000
          0.375     -0.2087568710      0.0000000000
          0.424     -0.2365911205      0.0000000000
          0.474     -0.2644253700      0.0000000000
          0.524     -0.2922596195      0.0000000000
          0.574     -0.3200938689      0.0000000000
          0.624     -0.3479281184      0.0000000000
          0.674     -0.3757623679      0.0000000000
          0.724     -0.4035966173      0.0000000000
          0.774     -0.4314308668      0.0000000000
          0.824     -0.4592651163      0.0000000000
          0.874     -0.4870993658      0.0000000000
          0.924     -0.5149336152      0.0000000000
          0.974     -0.5427678647      0.0000000000
          1.024     -0.5706021142      0.0000000000
          1.074     -0.5984363637      0.0000000000
          1.124     -0.6262706131      0.0000000000
          1.174     -0.6541048626      0.0000000000
          1.224     -0.6819391121      0.0000000000
          1.273     -0.7097733615      0.0000000000
          1.323     -0.7376076110      0.0000000000
          1.373     -0.7654418605      0.0000000000
          1.423     -0.7932761100      0.0000000000
          1.473     -0.8211103594      0.0000000000
          1.523     -0.8489446089      0.0000000000
          1.573     -0.8767788584      0.0000000000
          1.623     -0.9046131079      0.0000000000
          1.673     -0.9324473573      0.0000000000
          1.723     -0.9602816068      0.0000000000
          1.773     -0.9881158563      0.0000000000
          1.823     -1.0159501057      0.0000000000
          1.873     -1.0437843552      0.0000000000
          1.923     -1.0716186047      0.0000000000
          1.973     -1.0994528542      0.0000000000
          2.023     -1.1272871036      0.0000000000
          2.073     -1.1551213531      0.0000000000
          2.122     -1.1829556026      0.0000000000
          2.172     -1.0621297012      0.0161290323
          2.222     -1.0933043438      0.0322580645
          2.272     -0.9822059973      0.0645161290
          2.322     -1.1552226624      0.0806451613
          2.372     -0.0968455333      0.2258064516
          2.422     -0.4166125269      0.3387096774
          2.472      0.5818353829      0.5806451613
          2.522      0.7713096226      0.8548387097
          2.572      0.7012073911      1.1290322581
          2.622      0.8790697274      1.4354838710
          2.672      2.1371179740      1.9193548387
          2.722      1.5681218049      2.3387096774
          2.772      1.7177422013      2.7903225806
          2.822      1.6321668690      3.2419354839
          2.872      1.3236662596      3.6612903226
          2.922      0.5825832025      3.9838709677
          2.971      1.2783987359      4.4193548387
          3.021     -0.0806198321      4.6612903226
          3.071      0.7066937220      5.0322580645
          3.121      1.3644538357      5.5161290323
          3.171     -0.0361874252      5.7903225806
          3.221      0.6109687933      6.1774193548
          3.271      0.2502061331      6.5161290323
          3.321     -0.1005440442      6.8064516129
          3.371      0.0373016635      7.1290322581
          3.421      0.0759030572      7.4677419355
          3.471     -0.3526511831      7.7419354839
          3.521     -0.2194640125      8.0483870968
          3.571     -0.2716729942      8.3548387097
          3.621      0.0335848160      8.7258064516
          3.671     -0.5500713892      9.0000000000
          3.721     -0.3375699066      9.3225806452
          3.771     -0.4740523334      9.6290322581
          3.820     -0.0159510438     10.0322580645
          3.870     -0.7386059774     10.3064516129
          3.920      0.0393002729     10.7419354839
          3.970     -0.5045808487     11.0806451613
          4.020     -0.2322973965     11.4838709677
          4.070      0.0326213833     11.9516129032
          4.120     -0.4934260668     12.3225806452
          4.170      0.1541823227     12.8387096774
          4.220      0.1735509362     13.3709677419
          4.270     -0.4889138179     13.7741935484
          4.320     -0.3890834835     14.2096774194
          4.370      0.3729989035     14.8225806452
          4.420     -0.2711505548     15.3064516129
          4.470     -0.0344529424     15.8548387097
          4.520     -0.0179747782     16.4193548387
          4.570     -0.2851728057     16.9354838710
          4.619      0.0820201175     17.5483870968
          4.669      0.3715982880     18.2419354839
          4.719     -0.1667400022     18.8225806452
          4.769     -0.5589539649     19.3225806452
          4.819     -0.8766011990     19.7580645161
          4.869      0.2709043659     20.4838709677
          4.919      0.6066943061     21.3064516129
          4.969     -0.3647134917     21.9032258065
          5.019      0.4200449900     22.7096774194
          5.069     -0.2766249754     23.3548387097
          5.119      0.3646914084     24.1774193548
          5.169     -0.3190574508     24.8387096774
          5.219     -0.0619824953     25.5806451613
          5.269      0.9252690003     26.5967741935
          5.319      0.5575615631     27.5322580645
          5.369      0.1961772515     28.3870967742
          5.419      1.0926100568     29.5000000000
          5.468     -0.3901970001     30.2258064516
          5.518      0.2016874154     31.1290322581
          5.568      0.4344582078     32.1129032258
          5.618      0.4901438456     33.1290322581
          5.668     -0.4242617044     33.9032258065
          5.718      0.5406585764     34.9677419355
          5.768     -0.0793595943     35.8709677419
          5.818     -0.0230868417     36.8064516129
          5.868     -0.9589292721     37.4838709677
          5.918      0.6309353957     38.6451612903
          5.968     -0.0250649428     39.6290322581
          6.018     -0.2412973875     40.5645161290
          6.068      0.1310578640     41.6290322581
          6.118     -0.6645347213     42.4677419355
          6.168     -0.4004121660     43.4032258065
          6.218     -0.4006971647     44.3548387097
          6.268      0.3715230864     45.5645161290
          6.317     -0.1980847418     46.6129032258
          6.367     -0.0490957820     47.7258064516
          6.417      0.1977943010     48.9354838710
          6.467      0.0908756737     50.1290322581
          6.517     -0.1139415933     51.2741935484
          6.567      0.7166809589     52.7096774194
          6.617      0.2165480004     54.0000000000
          6.667     -0.2765093908     55.1451612903
          6.717     -0.0895070105     56.3709677419
          6.767      0.1420511071     57.6935483871
          6.817      0.2750544615     59.0806451613
          6.867     -0.4878996873     60.2258064516
          6.917      0.3473217411     61.6774193548
          6.967     -0.6378014140     62.8064516129
          7.017      0.8302013101     64.4677419355
          7.067     -0.5444512697     65.6612903226
          7.117     -0.0656425315     67.0161290323
          7.166     -0.4606667687     68.2258064516
          7.216      0.7112002524     69.8225806452
          7.266     -0.0220481747     71.1612903226
          7.316      0.2578254942     72.5806451613
          7.366      0.1970123425     73.9677419355
          7.416      0.0335305273     75.2903225806
          7.466      0.1754815390     76.6451612903
          7.516      0.1130819111     77.9677419355
          7.566     -0.4304313653     79.1129032258
          7.616     -0.1236446513     80.3387096774
          7.666      0.9115005742     81.8548387097
          7.716     -0.2607247946     83.0161290323
          7.766      0.5250369197     84.3870967742
          7.816     -0.2874114372     85.5161290323
          7.866      0.1143532642     86.7419354839
          7.916     -0.1913544014     87.8709677419
          7.966     -0.0161285361     89.0322580645
          8.015      0.4800954878     90.3064516129
          8.065     -0.5995644513     91.2903225806
          8.115      0.3631947529     92.5000000000
          8.165     -0.4285320805     93.5000000000
          8.215     -0.4377052827     94.4838709677
          8.265      0.4553614136     95.6612903226
          8.315     -0.5244590746     96.5967741935
          8.365      0.4091778425     97.7258064516
          8.415      0.2752482774     98.8064516129
          8.465     -0.3187442122     99.7419354839
          8.515      0.9241323214    100.9193548387
          8.565      1.1154222726    102.1129032258
          8.615      0.3387017370    103.1290322581
          8.665     -0.5604904040    103.9516129032
          8.715     -1.1622914257    104.6451612903
          8.765     -0.0300118416    105.5322580645
          8.814     -0.6475793522    106.2903225806
          8.864      0.9416418065    107.3064516129
          8.914      0.0311160617    108.1451612903
          8.964      0.2555839945    109.0000000000
          9.014     -0.7306814400    109.6774193548
          9.064      0.1205736493    110.4677419355
          9.114      0.2672989973    111.2580645161
          9.164      1.2167610473    112.1612903226
          9.214      0.3646101785    112.9193548387
          9.264     -0.7922776884    113.5000000000
          9.314     -0.2711227238    114.1290322581
          9.364      0.0320591155    114.7741935484
          9.414     -0.3208921605    115.3548387097
          9.464     -0.5596991219    115.8870967742
          9.514     -0.9674924232    116.3548387097
          9.564      0.9387658923    117.0000000000
          9.614     -0.0874072512    117.5161290323
          9.663      0.3411965569    118.0483870968
          9.713      0.4547907158    118.5645161290
          9.763      0.5853920254    119.0645161290
          9.813     -2.1597262925    119.3225806452
          9.863     -0.8563883776    119.6612903226
          9.913      1.3538734704    120.1290322581
          9.963      0.8466830454    120.5322580645
