# r/G(r)/dn[At1,At2]:      G(r)[Ge,Ge]            dn(r)
          0.024     -0.0145240908      0.0000000000
          0.073     -0.0435722723      0.0000000000
          0.122     -0.0726204539      0.0000000000
          0.171     -0.1016686355      0.0000000000
          0.220     -0.1307168170      0.0000000000
          0.269     -0.1597649986      0.0000000000
          0.318     -0.1888131802      0.0000000000
          0.367     -0.2178613617      0.0000000000
          0.416     -0.2469095433      0.0000000000
          0.464     -0.2759577248      0.0000000000
          0.513     -0.3050059064      0.0000000000
          0.562     -0.3340540880      0.0000000000
          0.611     -0.3631022695      0.0000000000
          0.660     -0.3921504511      0.0000000000
          0.709     -0.4211986326      0.0000000000
          0.758     -0.4502468142      0.0000000000
          0.807     -0.4792949958      0.0000000000
          0.856     -0.5083431773      0.0000000000
          0.904     -0.5373913589      0.0000000000
          0.953     -0.5664395405      0.0000000000
          1.002     -0.5954877220      0.0000000000
          1.051     -0.6245359036      0.0000000000
          1.100     -0.6535840851      0.0000000000
          1.149     -0.6826322667      0.0000000000
          1.198     -0.7116804483      0.0000000000
          1.247     -0.7407286298      0.0000000000
          1.295     -0.7697768114      0.0000000000
          1.344     -0.7988249929      0.0000000000
          1.393     -0.8278731745      0.0000000000
          1.442     -0.8569213561      0.0000000000
          1.491     -0.8859695376      0.0000000000
          1.540     -0.9150177192      0.0000000000
          1.589     -0.9440659008      0.0000000000
          1.638     -0.9731140823      0.0000000000
          1.687     -1.0021622639      0.0000000000
          1.735     -1.0312104454      0.0000000000
          1.784     -1.0602586270      0.0000000000
          1.833     -1.0893068086      0.0000000000
          1.882     -1.1183549901      0.0000000000
          1.931     -1.1474031717      0.0000000000
          1.980     -1.1764513533      0.0000000000
          2.029     -1.2054995348      0.0000000000
          2.078     -1.2345477164      0.0000000000
          2.127     -1.2635958979      0.0000000000
          2.175     -1.2926440795      0.0000000000
          2.224     -1.3216922611      0.0000000000
          2.273     -1.3507404426      0.0000000000
          2.322     -0.8114689010      0.0645161290
          2.371     -1.2696861483      0.0806451613
          2.420     -0.2108274513      0.2258064516
          2.469      0.0031080178      0.4032258065
          2.518      0.7317890726      0.6774193548
          2.567      1.3030566099      1.0322580645
          2.615      2.2303238673      1.5161290323
          2.664      3.2463311430      2.1451612903
          2.713      0.9414499094      2.4838709677
          2.762      2.4200445226      3.0322580645
          2.811      1.3813951719      3.4516129032
          2.860      2.3384738115      4.0161290323
          2.909      0.1998866586      4.2903225806
          2.958      1.2544873747      4.7258064516
          3.006      0.5180383440      5.0645161290
          3.055      1.1000143162      5.5000000000
          3.104      0.9187722655      5.9193548387
          3.153      0.6376149087      6.3064516129
          3.202      0.5702289514      6.6935483871
          3.251      0.0980459408      7.0161290323
          3.300      1.2387369483      7.5322580645
          3.349     -0.4134089353      7.7903225806
          3.398     -0.7564589202      8.0000000000
          3.446      0.2496122452      8.3870967742
          3.495     -0.1891307261      8.7096774194
          3.544     -1.2681938419      8.8548387097
          3.593     -0.4822392544      9.1451612903
          3.642      0.1006569989      9.5483870968
          3.691      0.2203931188      9.9838709677
          3.740     -0.4577545498     10.3064516129
          3.789     -0.0741526716     10.7096774194
          3.838     -0.3888554553     11.0645161290
          3.886     -0.9510497820     11.3225806452
          3.935     -0.9131325762     11.5967741935
          3.984      0.3652814608     12.1290322581
          4.033     -0.3513345715     12.5322580645
          4.082     -0.1623970679     12.9838709677
          4.131      0.1012505598     13.5000000000
          4.180      0.2001810308     14.0483870968
          4.229     -0.7961664587     14.4032258065
          4.278     -0.3820446809     14.8548387097
          4.326     -0.6642741901     15.2580645161
          4.375     -0.5638083879     15.6935483871
          4.424      0.5032616339     16.3709677419
          4.473     -0.0025726916     16.9516129032
          4.522      0.1585592006     17.5806451613
          4.571     -0.3340114549     18.1129032258
          4.620     -0.4596832537     18.6290322581
          4.669     -1.1486915055     19.0000000000
          4.717     -0.9148323115     19.4354838710
          4.766     -0.5479252423     19.9677419355
          4.815     -0.1890577383     20.5967741935
          4.864      0.3654997040     21.3709677419
          4.913      0.3040561018     22.1451612903
          4.962      0.8416835510     23.0645161290
          5.011     -0.0803101461     23.7741935484
          5.060     -0.0069341365     24.5161290323
          5.109     -0.0001020519     25.2741935484
          5.157      0.1339928859     26.0806451613
          5.206     -0.5587970114     26.7258064516
          5.255      0.2047331086     27.5806451613
          5.304      0.3938289593     28.5000000000
          5.353      0.8871139694     29.5645161290
          5.402      0.3937143536     30.5161290323
          5.451      0.5139353409     31.5161290323
          5.500      0.4515293109     32.5161290323
          5.549     -0.3238398329     33.3225806452
          5.597      1.0357843265     34.5161290323
          5.646     -0.0243877621     35.4354838710
          5.695      0.3234944909     36.4677419355
          5.744     -0.1391758130     37.3870967742
          5.793      0.5445450394     38.5161290323
          5.842      0.6515664139     39.6935483871
          5.891      0.9803628307     40.9838709677
          5.940      0.3034158461     42.0967741935
          5.989      0.2430800959     43.2096774194
          6.037      0.6750816414     44.4677419355
          6.086      0.3949609714     45.6612903226
          6.135      0.0650644368     46.7741935484
          6.184     -0.1000200616     47.8548387097
          6.233      0.2134301219     49.0483870968
          6.282     -0.1612297723     50.1451612903
          6.331      0.1469549508     51.3548387097
          6.380     -0.4809269360     52.3870967742
          6.428      0.2860278216     53.6774193548
          6.477     -0.5380470293     54.7258064516
          6.526     -0.2885687647     55.8709677419
          6.575     -0.3443034167     57.0161290323
          6.624     -0.0011783274     58.2903225806
          6.673     -0.5534863834     59.4032258065
          6.722     -1.2945184734     60.2903225806
          6.771      0.1675519978     61.6774193548
          6.820     -0.3269574225     62.9193548387
          6.868     -0.6707339831     64.0645161290
          6.917      0.7720657603     65.7096774194
          6.966     -0.0200427673     67.0806451613
          7.015      0.1584359761     68.5000000000
          7.064     -0.8045507293     69.5967741935
          7.113     -0.4788110355     70.7903225806
          7.162     -0.2965085666     72.0322580645
          7.211      0.3100281413     73.4516129032
          7.260     -0.4953300183     74.6129032258
          7.308      0.3447718655     76.0161290323
          7.357     -0.2105056549     77.2419354839
          7.406     -0.4492037215     78.3870967742
          7.455      0.2670901342     79.7258064516
          7.504     -0.1998419142     80.9193548387
          7.553      0.0206714860     82.1612903226
          7.602      1.1438091248     83.6935483871
          7.651     -0.3606047685     84.8064516129
          7.700     -0.0041970682     86.0000000000
          7.748      0.1778232392     87.2258064516
          7.797      0.2396321080     88.4516129032
          7.846      0.6317494598     89.7580645161
          7.895     -0.5590645325     90.7580645161
          7.944      0.2430516799     91.9354838710
          7.993      0.8711810669     93.2419354839
          8.042      0.6059012700     94.4677419355
          8.091     -0.8273613096     95.3548387097
          8.139      1.0796018788     96.6451612903
          8.188      0.2758063088     97.7419354839
          8.237     -0.5635023298     98.6451612903
          8.286      0.0631321214     99.6612903226
          8.335      0.7212657998    100.7903225806
          8.384      0.9979654897    101.9516129032
          8.433      0.2683261209    102.9516129032
          8.482     -0.3228806292    103.8225806452
          8.531      0.7598167102    104.8709677419
          8.579      1.5347301103    106.0322580645
          8.628     -0.6758221600    106.7903225806
          8.677      0.2031842257    107.6774193548
          8.726     -0.7702304972    108.3870967742
          8.775     -0.9742230618    109.0483870968
          8.824      1.7978218311    110.1129032258
          8.873     -0.2046623057    110.8548387097
          8.922      0.6206046272    111.6935483871
          8.971      0.5626665682    112.5000000000
          9.019     -0.1079903627    113.1935483871
          9.068     -1.4603876632    113.6935483871
          9.117     -0.2829471696    114.3225806452
          9.166      0.4444566574    115.0161290323
          9.215      0.2363011412    115.6612903226
          9.264      1.9507047263    116.4677419355
          9.313     -1.1656872553    116.9193548387
          9.362     -0.4923396782    117.4193548387
          9.411      0.9401348440    118.0322580645
          9.459     -0.7306320125    118.4677419355
          9.508      0.6660159777    119.0000000000
          9.557     -1.8238549461    119.3064516129
          9.606      0.3366189078    119.7580645161
          9.655     -2.5081639199    119.9838709677
          9.704     -0.8150406975    120.3064516129
          9.753      0.0821627533    120.6612903226
