# r/g(r)/dn[At1,At2]:      g(r)[Ge,Ge]            dn(r)            
       0.024192          -0.0148268512        0.0000000000
       0.072576          -0.0444805537        0.0000000000
       0.120960          -0.0741342562        0.0000000000
       0.169344          -0.1037879586        0.0000000000
       0.217729          -0.1334416611        0.0000000000
       0.266113          -0.1630953635        0.0000000000
       0.314497          -0.1927490660        0.0000000000
       0.362881          -0.2224027685        0.0000000000
       0.411265          -0.2520564709        0.0000000000
       0.459649          -0.2817101734        0.0000000000
       0.508033          -0.3113638758        0.0000000000
       0.556418          -0.3410175783        0.0000000000
       0.604802          -0.3706712808        0.0000000000
       0.653186          -0.4003249832        0.0000000000
       0.701570          -0.4299786857        0.0000000000
       0.749954          -0.4596323881        0.0000000000
       0.798338          -0.4892860906        0.0000000000
       0.846722          -0.5189397931        0.0000000000
       0.895106          -0.5485934955        0.0000000000
       0.943491          -0.5782471980        0.0000000000
       0.991875          -0.6079009004        0.0000000000
       1.040259          -0.6375546029        0.0000000000
       1.088643          -0.6672083054        0.0000000000
       1.137027          -0.6968620078        0.0000000000
       1.185411          -0.7265157103        0.0000000000
       1.233795          -0.7561694127        0.0000000000
       1.282180          -0.7858231152        0.0000000000
       1.330564          -0.8154768177        0.0000000000
       1.378948          -0.8451305201        0.0000000000
       1.427332          -0.8747842226        0.0000000000
       1.475716          -0.9044379250        0.0000000000
       1.524100          -0.9340916275        0.0000000000
       1.572484          -0.9637453300        0.0000000000
       1.620868          -0.9933990324        0.0000000000
       1.669253          -1.0230527349        0.0000000000
       1.717637          -1.0527064373        0.0000000000
       1.766021          -1.0823601398        0.0000000000
       1.814405          -1.1120138423        0.0000000000
       1.862789          -1.1416675447        0.0000000000
       1.911173          -1.1713212472        0.0000000000
       1.959557          -1.2009749496        0.0000000000
       2.007942          -1.2306286521        0.0000000000
       2.056326          -1.2602823546        0.0000000000
       2.104710          -1.2899360570        0.0000000000
       2.153094          -1.3195897595        0.0000000000
       2.201478          -1.3492434620        0.0000000000
       2.249862          -1.3788971644        0.0000000000
       2.298246          -1.2635092234        0.0161290323
       2.346631          -1.0120506446        0.0645161290
       2.395015          -1.0503129257        0.1129032258
       2.443399          -0.5425307507        0.2258064516
       2.491783          -0.4569495903        0.3548387097
       2.540167           0.0179290149        0.5483870968
       2.588551           1.3753817701        0.9193548387
       2.636935           1.7970394405        1.3548387097
       2.685319           3.5679301010        2.0322580645
       2.733704           3.2021252255        2.6774193548
       2.782088           2.4885566406        3.2419354839
       2.830472           1.6805982016        3.7096774194
       2.878856           3.2146219325        4.4032258065
       2.927240           1.7361467981        4.9032258065
       2.975624           1.4250426824        5.3709677419
       3.024008           1.3434112896        5.8387096774
       3.072393           0.1784420613        6.1451612903
       3.120777           0.5440908262        6.5161290323
       3.169161           0.0561920357        6.8225806452
       3.217545          -0.4179254928        7.0645161290
       3.265929           1.1624906680        7.5645161290
       3.314313           0.2820211452        7.9354838710
       3.362697          -0.0783096845        8.2580645161
       3.411081           0.6457157676        8.7096774194
       3.459466           0.6741516913        9.1774193548
       3.507850          -0.8194834128        9.4032258065
       3.556234          -0.3985553119        9.7096774194
       3.604618          -1.0994619210        9.9032258065
       3.653002          -0.5962933113       10.1935483871
       3.701386          -0.2871754642       10.5483870968
       3.749770          -1.3202779887       10.7258064516
       3.798155          -0.6602596212       11.0322580645
       3.846539          -0.6242261549       11.3548387097
       3.894923           0.0092748392       11.8064516129
       3.943307          -0.5569949848       12.1612903226
       3.991691          -0.3586582804       12.5645161290
       4.040075          -0.0832715188       13.0322580645
       4.088459          -0.2227762102       13.4838709677
       4.136843          -1.0043573414       13.7903225806
       4.185228           0.2226767334       14.3548387097
       4.233612          -1.0199201003       14.6774193548
       4.281996          -0.3667242229       15.1451612903
       4.330380           0.5791305643       15.8225806452
       4.378764          -0.1714074762       16.3548387097
       4.427148           0.6750455433       17.0806451613
       4.475532           0.0128986913       17.6774193548
       4.523917          -0.5620328860       18.1612903226
       4.572301          -0.9796113289       18.5645161290
       4.620685           0.1980831639       19.2419354839
       4.669069          -0.5769245897       19.7580645161
       4.717453          -0.3473570503       20.3387096774
       4.765837          -1.1722416345       20.7419354839
       4.814221          -0.0423390699       21.4193548387
       4.862605           0.1732862985       22.1612903226
       4.910990          -0.4304644136       22.7741935484
       4.959374          -0.6869315688       23.3387096774
       5.007758           0.0594882648       24.0967741935
       5.056142           0.3295455791       24.9354838710
       5.104526           0.1367860209       25.7419354839
       5.152910           0.5940079223       26.6774193548
       5.201294           0.2730909246       27.5483870968
       5.249679          -0.1059566348       28.3387096774
       5.298063          -0.0381862035       29.1612903226
       5.346447           0.3395713909       30.0967741935
       5.394831           0.8336030720       31.1774193548
       5.443215           1.1345999191       32.3548387097
       5.491599           0.4585368518       33.3709677419
       5.539983           0.9370317548       34.5322580645
       5.588368           1.4663786457       35.8548387097
       5.636752           0.2710988904       36.8709677419
       5.685136           0.3856440199       37.9354838710
       5.733520          -0.0836531373       38.8870967742
       5.781904           0.3192226008       39.9677419355
       5.830288           0.5433918808       41.1290322581
       5.878672           0.0829194806       42.1774193548
       5.927056          -0.6517312373       43.0322580645
       5.975441          -0.7055210904       43.8870967742
       6.023825           0.6798886876       45.1612903226
       6.072209          -0.1531711757       46.2096774194
       6.120593           1.0416390876       47.6290322581
       6.168977           0.2178791577       48.8225806452
       6.217361          -1.0224518699       49.6612903226
       6.265745           0.4692321055       50.9677419355
       6.314130           0.3537619812       52.2580645161
       6.362514           0.1348107331       53.5000000000
       6.410898          -0.7052560371       54.5000000000
       6.459282          -0.0881511273       55.7096774194
       6.507666           0.4168875590       57.0967741935
       6.556050          -0.1537424012       58.3225806452
       6.604434           0.4444560768       59.7580645161
       6.652818           0.2318114421       61.1451612903
       6.701203          -0.6248776354       62.2741935484
       6.749587          -0.1362187716       63.5806451613
       6.797971          -0.0962712779       64.9193548387
       6.846355          -0.0913976353       66.2741935484
       6.894739          -0.0204605667       67.6451612903
       6.943123          -0.6915541354       68.7903225806
       6.991507          -1.0760011810       69.8064516129
       7.039892           0.0282108859       71.1612903226
       7.088276          -0.8275696660       72.2419354839
       7.136660          -0.7495119066       73.3387096774
       7.185044           0.0357223313       74.6612903226
       7.233428           0.5719673832       76.1290322581
       7.281812           0.0645791981       77.4354838710
       7.330196          -0.2313017281       78.6451612903
       7.378580           0.0415807531       79.9193548387
       7.426965          -0.7327985182       80.9677419355
       7.475349           0.0211023914       82.2096774194
       7.523733          -0.4139148596       83.3225806452
       7.572117           0.4987994126       84.6612903226
       7.620501           0.5001666401       85.9838709677
       7.668885          -1.0388804335       86.9032258065
       7.717269           0.5718900238       88.2096774194
       7.765654           0.9117994063       89.5806451613
       7.814038           0.6539651073       90.8709677419
       7.862422           0.1093005221       92.0161290323
       7.910806           0.9601772510       93.3387096774
       7.959190           0.2569153665       94.4838709677
       8.007574           0.4851272129       95.6612903226
       8.055958          -0.4077554079       96.6290322581
       8.104342          -0.1043672492       97.6451612903
       8.152727           0.2142869730       98.7096774194
       8.201111          -0.1779685646       99.6774193548
       8.249495          -0.0084179031      100.6612903226
       8.297879           0.3405042051      101.6935483871
       8.346263           1.2300648849      102.8709677419
       8.394647           1.1863185166      104.0161290323
       8.443031           0.1348617718      104.9516129032
       8.491416           0.6263128710      105.9516129032
       8.539800           0.5669324212      106.9193548387
       8.588184          -0.0909958747      107.7580645161
       8.636568          -0.4789976471      108.5161290323
       8.684952           0.1667223609      109.3548387097
       8.733336           0.0928032486      110.1612903226
       8.781720          -0.0964673028      110.9193548387
       8.830104          -1.9241033472      111.4032258065
       8.878489           0.3337615774      112.1774193548
       8.926873          -0.8582693679      112.7741935484
       8.975257           0.0614016325      113.4677419355
       9.023641          -0.8264422588      114.0322580645
       9.072025          -0.8049788552      114.5806451613
       9.120409           0.6785481710      115.2741935484
       9.168793          -0.7485000988      115.7903225806
       9.217178           0.4025291905      116.4032258065
       9.265562           0.4992194976      117.0000000000
       9.313946           0.9597323288      117.6129032258
       9.362330          -1.4854370087      117.9838709677
       9.410714          -0.2970013322      118.4354838710
       9.459098          -0.4119805425      118.8548387097
       9.507482           0.7843921768      119.3387096774
       9.555867          -0.4414884677      119.7096774194
       9.604251          -0.0738961360      120.0806451613
       9.652635          -0.4615599050      120.4032258065
