# r/g(r)/dn[At1,At2]:      g(r)[Ge,Ge]            dn(r)            
       0.024651          -0.0142801496        0.0000000000
       0.073952          -0.0428404489        0.0000000000
       0.123254          -0.0714007482        0.0000000000
       0.172556          -0.0999610475        0.0000000000
       0.221857          -0.1285213467        0.0000000000
       0.271159          -0.1570816460        0.0000000000
       0.320460          -0.1856419453        0.0000000000
       0.369762          -0.2142022446        0.0000000000
       0.419064          -0.2427625438        0.0000000000
       0.468365          -0.2713228431        0.0000000000
       0.517667          -0.2998831424        0.0000000000
       0.566968          -0.3284434417        0.0000000000
       0.616270          -0.3570037409        0.0000000000
       0.665572          -0.3855640402        0.0000000000
       0.714873          -0.4141243395        0.0000000000
       0.764175          -0.4426846388        0.0000000000
       0.813476          -0.4712449380        0.0000000000
       0.862778          -0.4998052373        0.0000000000
       0.912080          -0.5283655366        0.0000000000
       0.961381          -0.5569258358        0.0000000000
       1.010683          -0.5854861351        0.0000000000
       1.059985          -0.6140464344        0.0000000000
       1.109286          -0.6426067337        0.0000000000
       1.158588          -0.6711670329        0.0000000000
       1.207889          -0.6997273322        0.0000000000
       1.257191          -0.7282876315        0.0000000000
       1.306493          -0.7568479308        0.0000000000
       1.355794          -0.7854082300        0.0000000000
       1.405096          -0.8139685293        0.0000000000
       1.454397          -0.8425288286        0.0000000000
       1.503699          -0.8710891279        0.0000000000
       1.553001          -0.8996494271        0.0000000000
       1.602302          -0.9282097264        0.0000000000
       1.651604          -0.9567700257        0.0000000000
       1.700905          -0.9853303250        0.0000000000
       1.750207          -1.0138906242        0.0000000000
       1.799509          -1.0424509235        0.0000000000
       1.848810          -1.0710112228        0.0000000000
       1.898112          -1.0995715221        0.0000000000
       1.947413          -1.1281318213        0.0000000000
       1.996715          -1.1566921206        0.0000000000
       2.046017          -1.1852524199        0.0000000000
       2.095318          -1.2138127192        0.0000000000
       2.144620          -1.2423730184        0.0000000000
       2.193921          -1.2709333177        0.0000000000
       2.243223          -1.2994936170        0.0000000000
       2.292525          -1.1853563718        0.0161290323
       2.341826          -0.7978397758        0.0806451613
       2.391128           0.1197743762        0.2580645161
       2.440429          -0.0732366574        0.4193548387
       2.489731           0.1344513558        0.6129032258
       2.539033           1.6214085389        1.0000000000
       2.588334           2.0395127837        1.4516129032
       2.637636           1.8207801698        1.8870967742
       2.686937           1.0002639289        2.2258064516
       2.736239           1.6429903243        2.6612903226
       2.785541           2.9666123802        3.2903225806
       2.834842           1.8197954709        3.7741935484
       2.884144           1.0514911983        4.1612903226
       2.933446           0.1965294377        4.4354838710
       2.982747           1.1237391235        4.8548387097
       3.032049          -0.4617178494        5.0483870968
       3.081350           1.0815388912        5.4838709677
       3.130652           0.6943470737        5.8709677419
       3.179954           0.5240288915        6.2419354839
       3.229255           0.2567327008        6.5806451613
       3.278557          -0.4025155768        6.8225806452
       3.327858           0.3331888990        7.1935483871
       3.377160          -0.4064654749        7.4516129032
       3.426462          -0.1708981476        7.7580645161
       3.475763           0.3395415585        8.1612903226
       3.525065          -0.0003434338        8.5161290323
       3.574366           0.1259861968        8.9032258065
       3.623668          -0.4741397460        9.1935483871
       3.672970          -0.7917170772        9.4354838710
       3.722271          -0.0469745291        9.8225806452
       3.771573          -0.2765866155       10.1774193548
       3.820874          -0.0729072313       10.5806451613
       3.870176          -0.8049741830       10.8548387097
       3.919478           0.5673246096       11.4032258065
       3.968779           0.0089328537       11.8548387097
       4.018081          -0.6992942562       12.1774193548
       4.067382           0.2980194317       12.7096774194
       4.116684          -0.4775431483       13.0967741935
       4.165986          -0.0575059615       13.5806451613
       4.215287          -0.0360097624       14.0806451613
       4.264589           0.2911784505       14.6612903226
       4.313890          -0.0722854051       15.1774193548
       4.363192          -0.6531172916       15.5806451613
       4.412494          -0.8509030100       15.9516129032
       4.461795          -0.8249835838       16.3387096774
       4.511097          -0.5101729626       16.8064516129
       4.560398          -0.2027864362       17.3548387097
       4.609700           0.0974141949       17.9838709677
       4.659002          -0.5923991932       18.4677419355
       4.708303          -0.8514663317       18.9032258065
       4.757605          -0.2805998847       19.4838709677
       4.806907           0.0737975074       20.1612903226
       4.856208          -0.9942845752       20.5967741935
       4.905510          -0.3742269567       21.1935483871
       4.954811           0.2989492904       21.9677419355
       5.004113           0.2391652685       22.7419354839
       5.053415           0.1152525347       23.5000000000
       5.102716          -0.3273799888       24.1612903226
       5.152018           0.3808933987       25.0161290323
       5.201319           0.1946394712       25.8387096774
       5.250621           0.5721054244       26.7741935484
       5.299923           0.5716559973       27.7258064516
       5.349224           0.5095303859       28.6774193548
       5.398526           0.3874183250       29.6129032258
       5.447827           1.3479192342       30.8225806452
       5.497129           0.3862784174       31.7903225806
       5.546431           1.0927644967       32.9677419355
       5.595732           0.0908463103       33.8870967742
       5.645034           0.9604344145       35.0645161290
       5.694335          -0.1388811865       35.9516129032
       5.743637           0.7167698317       37.0967741935
       5.792939          -0.3062591578       37.9677419355
       5.842240           0.0314254841       38.9516129032
       5.891542           0.3629805728       40.0483870968
       5.940843          -0.5779975544       40.8870967742
       5.990145           0.0798620404       41.9354838710
       6.039447           0.3473346340       43.0806451613
       6.088748           0.5562832203       44.3064516129
       6.138050          -0.0380601700       45.3709677419
       6.187351           0.2754666651       46.5483870968
       6.236653          -0.2557075219       47.5806451613
       6.285955          -0.6228645347       48.5161290323
       6.335256          -0.5199973543       49.5000000000
       6.384558          -0.2654381031       50.5806451613
       6.433859           0.0356301541       51.7741935484
       6.483161           0.6344528329       53.1774193548
       6.532463           0.3724379634       54.5161290323
       6.581764          -0.6813646508       55.5322580645
       6.631066          -0.3385206266       56.6774193548
       6.680368           0.2926714898       58.0483870968
       6.729669           0.7683582668       59.5967741935
       6.778971           0.3197827222       61.0161290323
       6.828272          -1.2246788854       61.9354838710
       6.877574          -0.7971407457       63.0161290323
       6.926876          -0.2816372127       64.2903225806
       6.976177          -0.6527782654       65.4516129032
       7.025479          -0.1626521310       66.7741935484
       7.074780          -0.7627407357       67.8870967742
       7.124082          -0.6929223448       69.0161290323
       7.173384           0.0271706828       70.3709677419
       7.222685           0.2139981446       71.7741935484
       7.271987          -0.8758800979       72.8225806452
       7.321288           0.1386883243       74.1774193548
       7.370590           0.0211366593       75.4838709677
       7.419892          -0.4223045529       76.6451612903
       7.469193           0.5980493742       78.0967741935
       7.518495           0.7633565802       79.5806451613
       7.567796           0.3693957029       80.9354838710
       7.617098           0.4233143440       82.2903225806
       7.666400           0.4215592323       83.6290322581
       7.715701           0.6593265527       85.0161290323
       7.765003           0.2387988598       86.2741935484
       7.814304           1.8451574899       87.9354838710
       7.863606           1.1181553771       89.3870967742
       7.912908           0.2355783257       90.5967741935
       7.962209          -0.0254406780       91.7258064516
       8.011511          -0.4295261555       92.7419354839
       8.060812           0.1743073140       93.8870967742
       8.110114          -0.5884357216       94.8387096774
       8.159416           0.7518404458       96.0806451613
       8.208717           0.6252123592       97.2741935484
       8.258019           0.4941897393       98.4193548387
       8.307320          -0.9342497851       99.2419354839
       8.356622          -0.7940150085      100.0806451613
       8.405924          -0.4862803192      100.9677419355
       8.455225          -0.8969042030      101.7580645161
       8.504527          -0.4896360571      102.6129032258
       8.553829           0.8849230901      103.7096774194
       8.603130           0.1298890946      104.6451612903
       8.652432           0.4220723820      105.6129032258
       8.701733          -1.8749708744      106.1612903226
       8.751035          -0.1834447246      106.9838709677
       8.800337           0.1305804310      107.8387096774
       8.849638           1.3806861290      108.8709677419
       8.898940          -0.0155089377      109.6612903226
       8.948241          -0.2012248749      110.4032258065
       8.997543           0.6101811863      111.2419354839
       9.046845           0.2055743640      112.0000000000
       9.096146          -0.1061765974      112.6935483871
       9.145448           0.3083037986      113.4193548387
       9.194749          -0.6665257357      114.0000000000
       9.244051          -1.0446949269      114.5161290323
       9.293353           1.0747246259      115.2580645161
       9.342654          -0.7209011036      115.7741935484
       9.391956          -0.9927292338      116.2419354839
       9.441257          -0.3232567597      116.7580645161
       9.490559           0.5863340466      117.3387096774
       9.539861           0.5281727852      117.8870967742
       9.589162          -0.6624021823      118.3064516129
       9.638464           2.1965845075      118.9354838710
       9.687765           0.5432174691      119.4032258065
       9.737067          -2.0125204086      119.6612903226
       9.786369           1.8759757215      120.1612903226
       9.835670           4.8086975383      120.8064516129
