# r/g(r)/dn[At1,At2]:      g(r)[Ge,Ge]            dn(r)            
       0.025004          -0.0138797602        0.0000000000
       0.075011          -0.0416392805        0.0000000000
       0.125019          -0.0693988009        0.0000000000
       0.175027          -0.0971583212        0.0000000000
       0.225034          -0.1249178416        0.0000000000
       0.275042          -0.1526773619        0.0000000000
       0.325050          -0.1804368823        0.0000000000
       0.375057          -0.2081964027        0.0000000000
       0.425065          -0.2359559230        0.0000000000
       0.475073          -0.2637154434        0.0000000000
       0.525080          -0.2914749637        0.0000000000
       0.575088          -0.3192344841        0.0000000000
       0.625096          -0.3469940044        0.0000000000
       0.675103          -0.3747535248        0.0000000000
       0.725111          -0.4025130451        0.0000000000
       0.775119          -0.4302725655        0.0000000000
       0.825126          -0.4580320858        0.0000000000
       0.875134          -0.4857916062        0.0000000000
       0.925142          -0.5135511265        0.0000000000
       0.975149          -0.5413106469        0.0000000000
       1.025157          -0.5690701672        0.0000000000
       1.075165          -0.5968296876        0.0000000000
       1.125172          -0.6245892080        0.0000000000
       1.175180          -0.6523487283        0.0000000000
       1.225187          -0.6801082487        0.0000000000
       1.275195          -0.7078677690        0.0000000000
       1.325203          -0.7356272894        0.0000000000
       1.375210          -0.7633868097        0.0000000000
       1.425218          -0.7911463301        0.0000000000
       1.475226          -0.8189058504        0.0000000000
       1.525233          -0.8466653708        0.0000000000
       1.575241          -0.8744248911        0.0000000000
       1.625249          -0.9021844115        0.0000000000
       1.675256          -0.9299439318        0.0000000000
       1.725264          -0.9577034522        0.0000000000
       1.775272          -0.9854629725        0.0000000000
       1.825279          -1.0132224929        0.0000000000
       1.875287          -1.0409820133        0.0000000000
       1.925295          -1.0687415336        0.0000000000
       1.975302          -1.0965010540        0.0000000000
       2.025310          -1.1242605743        0.0000000000
       2.075318          -1.1520200947        0.0000000000
       2.125325          -1.1797796150        0.0000000000
       2.175333          -1.2075391354        0.0000000000
       2.225340          -1.0903690511        0.0161290323
       2.275348          -0.8378243824        0.0645161290
       2.325356          -0.8747280029        0.1129032258
       2.375363          -0.3681392330        0.2258064516
       2.425371          -0.1495389448        0.3709677419
       2.475379           0.8408558815        0.6451612903
       2.525386           1.0246617117        0.9516129032
       2.575394           2.0768742694        1.4032258065
       2.625402           1.4909423539        1.7903225806
       2.675409           2.4930317207        2.3225806452
       2.725417           1.6822504033        2.7580645161
       2.775425           0.4348582154        3.0322580645
       2.825432           0.8287354076        3.3709677419
       2.875440           0.5349588628        3.6774193548
       2.925448           1.3527519493        4.1129032258
       2.975455           0.1910191092        4.3870967742
       3.025463           0.4526124808        4.7096774194
       3.075471           0.9145361280        5.1129032258
       3.125478           0.4320623878        5.4516129032
       3.175486           0.0654767465        5.7419354839
       3.225494           0.5093360731        6.1129032258
       3.275501           0.0526026712        6.4193548387
       3.325509          -0.0032888824        6.7258064516
       3.375516          -0.0583469406        7.0322580645
       3.425524          -0.5833761991        7.2580645161
       3.475532           0.3906872705        7.6612903226
       3.525539          -0.0359093885        8.0000000000
       3.575547          -0.1807403410        8.3225806452
       3.625555          -0.5002601018        8.5967741935
       3.675562           0.0656472772        8.9838709677
       3.725570          -0.3366636023        9.3064516129
       3.775578          -0.3873551716        9.6290322581
       3.825585          -0.2688316292        9.9838709677
       3.875593          -0.1540830363       10.3709677419
       3.925601           0.3678343314       10.8709677419
       3.975608          -0.0164673798       11.3064516129
       4.025616           0.0888010991       11.7741935484
       4.075624          -0.6005516356       12.1129032258
       4.125631          -0.2575718725       12.5322580645
       4.175639          -0.1551926651       12.9838709677
       4.225647          -0.5138507730       13.3709677419
       4.275654          -0.0350001141       13.8709677419
       4.325662          -0.1643544722       14.3548387097
       4.375669          -0.5125147868       14.7741935484
       4.425677           0.3854659211       15.4032258065
       4.475685          -0.1784849511       15.9193548387
       4.525692           0.1246054844       16.5161290323
       4.575700           0.4909515202       17.2096774194
       4.625708           0.1515250566       17.8387096774
       4.675715          -0.6640909258       18.2903225806
       4.725723          -0.2345418495       18.8548387097
       4.775731          -0.9626624978       19.2580645161
       4.825738          -0.4732374853       19.7903225806
       4.875746           0.9316726621       20.6774193548
       4.925754          -0.5080606121       21.2258064516
       4.975761          -0.3637343125       21.8225806452
       5.025769           0.4830922384       22.6451612903
       5.075777           0.1053740577       23.3870967742
       5.125784          -0.2655157752       24.0483870968
       5.175792           0.7411518744       24.9838709677
       5.225800          -0.2469717673       25.6774193548
       5.275807          -0.1164856632       26.4193548387
       5.325815           0.4349455396       27.3225806452
       5.375823          -0.4643077252       28.0000000000
       5.425830           0.7330170988       29.0161290323
       5.475838           0.0820538104       29.8709677419
       5.525845           0.0844111797       30.7419354839
       5.575853           1.3587942831       31.9838709677
       5.625861           0.3741684217       32.9677419355
       5.675868           0.2587730766       33.9354838710
       5.725876          -0.7563453776       34.6290322581
       5.775884           0.3675789082       35.6612903226
       5.825891           0.0323365082       36.6129032258
       5.875899           0.4159005454       37.6935483871
       5.925907          -0.5681527255       38.5000000000
       5.975914           0.3528032568       39.5967741935
       6.025922           0.3481107751       40.7096774194
       6.075930           0.3430385905       41.8387096774
       6.125937          -0.6101007646       42.6935483871
       6.175945           0.2273449850       43.8225806452
       6.225953           0.2738312637       44.9838709677
       6.275960          -0.3489521886       45.9677419355
       6.325968           0.0573721817       47.0967741935
       6.375976          -1.0100816893       47.9032258065
       6.425983           0.3478377300       49.1612903226
       6.475991          -0.2081917876       50.2580645161
       6.525999           0.2323202604       51.5161290323
       6.576006           0.4695245879       52.8709677419
       6.626014           0.5080243441       54.2580645161
       6.676021          -0.8071954493       55.2258064516
       6.726029           0.1504957170       56.5322580645
       6.776037          -0.0011260534       57.8064516129
       6.826044          -0.1981829004       59.0322580645
       6.876052          -0.7211210656       60.0967741935
       6.926060           0.1601189073       61.4838709677
       6.976067          -0.0350500153       62.8225806452
       7.026075          -0.1360264904       64.1451612903
       7.076083           0.3261276212       65.6451612903
       7.126090           0.0734717534       67.0483870968
       7.176098          -0.3184675273       68.3064516129
       7.226106           0.9953842545       70.0000000000
       7.276113          -0.4575695954       71.1935483871
       7.326121           0.5028095947       72.6935483871
       7.376129           0.2463789017       74.0967741935
       7.426136          -0.7267538751       75.1774193548
       7.476144           0.9988311128       76.7903225806
       7.526152          -0.2011670162       78.0161290323
       7.576159          -0.8547733909       79.0322580645
       7.626167          -0.1773918251       80.2419354839
       7.676174          -0.1359748630       81.4516129032
       7.726182           0.8031363181       82.9193548387
       7.776190          -0.3874753240       84.0322580645
       7.826197          -0.2286722958       85.1774193548
       7.876205           0.2911319354       86.4516129032
       7.926213           1.3123891026       87.9838709677
       7.976220           0.1677296932       89.1935483871
       8.026228          -1.1451105345       90.0483870968
       8.076236          -0.0247273676       91.1774193548
       8.126243           1.1419223246       92.5806451613
       8.176251           0.2357313440       93.7419354839
       8.226259           0.2405044482       94.8870967742
       8.276266           0.2466728576       96.0161290323
       8.326274          -0.0283550830       97.0645161290
       8.376282          -0.5312262325       97.9838709677
       8.426289          -0.7602345665       98.8387096774
       8.476297          -0.0909565415       99.8225806452
       8.526305          -0.3177239998      100.7419354839
       8.576312          -0.3955524214      101.6290322581
       8.626320           0.0936824103      102.5967741935
       8.676328           0.2757773708      103.5806451613
       8.726335          -0.4736145665      104.4032258065
       8.776343           0.3222043379      105.3548387097
       8.826350          -2.0034092285      105.8709677419
       8.876358           0.6597599549      106.8387096774
       8.926366           0.0310325216      107.6774193548
       8.976373           0.1560726786      108.5161290323
       9.026381          -0.1170234693      109.2903225806
       9.076389           1.0677484223      110.2258064516
       9.126396          -0.7128930195      110.8709677419
       9.176404           0.7629681361      111.7096774194
       9.226412           0.1302158391      112.4354838710
       9.276419           0.9051095807      113.2419354839
       9.326427           0.7361191797      114.0000000000
       9.376435          -0.6226373452      114.5645161290
       9.426442          -0.1835684392      115.1612903226
       9.476450           1.5791820346      115.9354838710
       9.526458           0.0786587470      116.5161290323
       9.576465           0.1547212966      117.0806451613
       9.626473           0.8984277478      117.6935483871
       9.676481           0.5133637796      118.2419354839
       9.726488           0.2706698105      118.7419354839
       9.776496          -0.5795615519      119.1451612903
       9.826503           0.9405888715      119.6451612903
       9.876511          -1.0744899219      119.9677419355
       9.926519          -0.3057449737      120.3225806452
       9.976526          -1.1979690616      120.5967741935
