# r/g(r)/dn[At1,At2]:      g(r)[Ge,Ge]            dn(r)            
       0.025078          -0.0137975024        0.0000000000
       0.075235          -0.0413925072        0.0000000000
       0.125391          -0.0689875120        0.0000000000
       0.175548          -0.0965825168        0.0000000000
       0.225704          -0.1241775216        0.0000000000
       0.275861          -0.1517725264        0.0000000000
       0.326017          -0.1793675312        0.0000000000
       0.376174          -0.2069625360        0.0000000000
       0.426330          -0.2345575408        0.0000000000
       0.476487          -0.2621525456        0.0000000000
       0.526643          -0.2897475504        0.0000000000
       0.576800          -0.3173425552        0.0000000000
       0.626956          -0.3449375600        0.0000000000
       0.677113          -0.3725325648        0.0000000000
       0.727269          -0.4001275696        0.0000000000
       0.777426          -0.4277225744        0.0000000000
       0.827582          -0.4553175792        0.0000000000
       0.877739          -0.4829125840        0.0000000000
       0.927895          -0.5105075888        0.0000000000
       0.978052          -0.5381025936        0.0000000000
       1.028208          -0.5656975984        0.0000000000
       1.078365          -0.5932926032        0.0000000000
       1.128521          -0.6208876081        0.0000000000
       1.178678          -0.6484826129        0.0000000000
       1.228834          -0.6760776177        0.0000000000
       1.278991          -0.7036726225        0.0000000000
       1.329147          -0.7312676273        0.0000000000
       1.379304          -0.7588626321        0.0000000000
       1.429460          -0.7864576369        0.0000000000
       1.479617          -0.8140526417        0.0000000000
       1.529773          -0.8416476465        0.0000000000
       1.579930          -0.8692426513        0.0000000000
       1.630086          -0.8968376561        0.0000000000
       1.680243          -0.9244326609        0.0000000000
       1.730399          -0.9520276657        0.0000000000
       1.780556          -0.9796226705        0.0000000000
       1.830712          -1.0072176753        0.0000000000
       1.880869          -1.0348126801        0.0000000000
       1.931025          -1.0624076849        0.0000000000
       1.981182          -1.0900026897        0.0000000000
       2.031338          -1.1175976945        0.0000000000
       2.081495          -1.1451926993        0.0000000000
       2.131651          -1.1727877041        0.0000000000
       2.181808          -1.2003827089        0.0000000000
       2.231964          -1.0839070279        0.0161290323
       2.282121          -0.8328590538        0.0645161290
       2.332277          -0.8695439667        0.1129032258
       2.382434          -0.9058461899        0.1612903226
       2.432590          -0.1486527089        0.3064516129
       2.482747           0.3177960399        0.5161290323
       2.532903           0.6377253881        0.7741935484
       2.583060           1.8155865876        1.1935483871
       2.633216           1.7263433596        1.6129032258
       2.683373           2.2385847809        2.1129032258
       2.733529           1.4370059267        2.5161290323
       2.783686           1.2409061477        2.9032258065
       2.833842           1.2777176046        3.3064516129
       2.883999           0.8662886472        3.6612903226
       2.934155           0.9063582283        4.0322580645
       2.984312           1.0519057860        4.4354838710
       3.034468           0.2379873048        4.7258064516
       3.084625           1.1176128880        5.1612903226
       3.134781           0.9424040727        5.5806451613
       3.184938          -0.1368414659        5.8387096774
       3.235094          -0.0900812648        6.1129032258
       3.285251           0.4438201319        6.4838709677
       3.335407           0.0931410526        6.8064516129
       3.385564           0.6068742035        7.2258064516
       3.435720          -0.2055362798        7.5161290323
       3.485877          -0.5341180055        7.7580645161
       3.536033           0.0552439633        8.1129032258
       3.586190           0.0893368563        8.4838709677
       3.636346           0.1217280559        8.8709677419
       3.686503          -0.1091993680        9.2258064516
       3.736659          -0.0764944589        9.5967741935
       3.786816          -0.3850595286        9.9193548387
       3.836972          -1.0215118247       10.1290322581
       3.887129          -0.1531698701       10.5161290323
       3.937285          -0.1243834780       10.9193548387
       3.987442          -0.5002438078       11.2580645161
       4.037598           0.4068503696       11.7903225806
       4.087755          -0.5183258077       12.1451612903
       4.137911          -0.1006190373       12.5967741935
       4.188068           0.0760745750       13.0967741935
       4.238224          -0.4349316075       13.5000000000
       4.288381          -0.3347385227       13.9354838710
       4.338537          -0.6822175120       14.3064516129
       4.388694          -0.5827499113       14.7096774194
       4.438850           0.3831814746       15.3387096774
       4.489007          -0.1774271680       15.8548387097
       4.539163          -0.3011948682       16.3548387097
       4.589320           0.0676254263       16.9516129032
       4.639476          -0.1959325645       17.5000000000
       4.689633          -0.3173020550       18.0322580645
       4.739789          -0.3688419110       18.5645161290
       4.789945          -0.0842071906       19.1774193548
       4.840102          -0.0717992102       19.8064516129
       4.890258           0.0055457350       20.4677419355
       4.940415          -0.1795998550       21.0967741935
       4.990571           0.0250360972       21.7903225806
       5.040728          -0.4128958989       22.3870967742
       5.090884           0.4837464175       23.2258064516
       5.141041           0.2364569696       24.0161290323
       5.191197           0.2411949927       24.8225806452
       5.241354          -0.0000969466       25.5806451613
       5.291510           0.6134597335       26.5161290323
       5.341667          -0.1094379098       27.2741935484
       5.391823           0.6716161834       28.2580645161
       5.441980          -0.1576916005       29.0322580645
       5.492136          -0.1526378022       29.8225806452
       5.542293           0.7221470033       30.8709677419
       5.592449          -0.3167903693       31.6451612903
       5.642606          -0.5968787835       32.3548387097
       5.692762           0.2572394696       33.3225806452
       5.742919          -0.3599011671       34.1290322581
       5.793075           0.9760076363       35.3387096774
       5.843232           0.6925441067       36.4838709677
       5.893388           0.7408251737       37.6612903226
       5.943545          -0.0237410988       38.6290322581
       5.993701           0.2434089883       39.6935483871
       6.043858          -1.0905267277       40.3709677419
       6.094014           0.0243942730       41.4032258065
       6.144171          -0.2401204750       42.3709677419
       6.194327          -0.1374004377       43.3870967742
       6.244484          -0.0367737944       44.4516129032
       6.294640          -0.1425373218       45.5000000000
       6.344797           0.2597636124       46.6935483871
       6.394953           0.1021822702       47.8548387097
       6.445110           0.9445046549       49.3064516129
       6.495266           0.2881295772       50.5645161290
       6.545423          -0.0638328484       51.7258064516
       6.595579          -0.0208157788       52.9193548387
       6.645736           0.1179110772       54.1774193548
       6.695892          -0.2261073419       55.3387096774
       6.746049           0.6262867686       56.8064516129
       6.796205          -0.0011193799       58.0806451613
       6.846362          -0.2909481093       59.2741935484
       6.896518          -0.0640516011       60.5645161290
       6.946675           0.1591699698       61.9516129032
       6.996831          -0.3565606802       63.1774193548
       7.046988          -0.3177509619       64.4354838710
       7.097144          -0.2214681298       65.7419354839
       7.147301           0.2571891774       67.2096774194
       7.197457           0.1972190036       68.6451612903
       7.247614          -0.0533071662       69.9838709677
       7.297770           0.4111405032       71.4677419355
       7.347927          -0.3305193659       72.6935483871
       7.398083           0.2449187482       74.0967741935
       7.448240          -0.5209297016       75.2419354839
       7.498396          -0.3890469118       76.4193548387
       7.548553          -0.4600454282       77.5645161290
       7.598709           0.5778362192       79.0161290323
       7.648866          -0.2300991566       80.2096774194
       7.699022           0.3022351697       81.5483870968
       7.749179           0.5758796521       82.9516129032
       7.799335           0.0676725416       84.1935483871
       7.849492          -0.1120691594       85.3709677419
       7.899648          -0.7081318854       86.3709677419
       7.949805           0.5275644019       87.6935483871
       7.999961           0.1058271318       88.8870967742
       8.050118          -0.0828248223       90.0161290323
       8.100274          -0.2778386765       91.0806451613
       8.150431           0.4246631227       92.3064516129
       8.200587          -0.6885219029       93.2419354839
       8.250744           0.7101946276       94.5000000000
       8.300900           0.8639203664       95.7741935484
       8.351057           0.4635770980       96.9354838710
       8.401213           0.4774868812       98.0806451613
       8.451370          -0.0944788224       99.0806451613
       8.501526          -0.1656131608      100.0483870968
       8.551683           0.6081815659      101.1612903226
       8.601839          -0.7876932092      101.9677419355
       8.651996           0.8211170358      103.0806451613
       8.702152          -1.3025070133      103.7580645161
       8.752309           0.7218057944      104.8064516129
       8.802465          -0.2047782239      105.6612903226
       8.852622          -0.4620768018      106.4516129032
       8.902778           0.4707178082      107.3870967742
       8.952935           0.7933958343      108.3548387097
       9.003091           0.0569082769      109.1774193548
       9.053248           0.6944314703      110.0806451613
       9.103404          -0.9269995888      110.7096774194
       9.153561          -0.0595550482      111.4516129032
       9.203717           0.4225543347      112.2419354839
       9.253874          -0.9147003806      112.8225806452
       9.304030           1.0201178670      113.6451612903
       9.354187           0.1064135175      114.3225806452
       9.404343          -0.3586549651      114.9193548387
       9.454500          -0.4537874413      115.4838709677
       9.504656          -0.9798306018      115.9677419355
       9.554813           1.1155616617      116.6612903226
       9.604969           1.7075894241      117.3870967742
       9.655126          -1.5562947757      117.7580645161
       9.705282           0.8544363393      118.3387096774
       9.755439          -1.0036458802      118.7258064516
       9.805595          -0.5761268064      119.1290322581
       9.855752           0.7299360313      119.6129032258
       9.905908          -1.5063111499      119.9032258065
       9.956065           0.4015682097      120.3064516129
      10.006221          -0.4295162741      120.6290322581
