# r/g(r)/dn[At1,At2]:      g(r)[Ge,Ge]            dn(r)            
       0.023585          -0.0155999260        0.0000000000
       0.070755          -0.0467997780        0.0000000000
       0.117925          -0.0779996301        0.0000000000
       0.165095          -0.1091994821        0.0000000000
       0.212265          -0.1403993341        0.0000000000
       0.259435          -0.1715991861        0.0000000000
       0.306605          -0.2027990382        0.0000000000
       0.353775          -0.2339988902        0.0000000000
       0.400945          -0.2651987422        0.0000000000
       0.448115          -0.2963985942        0.0000000000
       0.495285          -0.3275984463        0.0000000000
       0.542455          -0.3587982983        0.0000000000
       0.589625          -0.3899981503        0.0000000000
       0.636795          -0.4211980023        0.0000000000
       0.683965          -0.4523978544        0.0000000000
       0.731135          -0.4835977064        0.0000000000
       0.778306          -0.5147975584        0.0000000000
       0.825476          -0.5459974104        0.0000000000
       0.872646          -0.5771972625        0.0000000000
       0.919816          -0.6083971145        0.0000000000
       0.966986          -0.6395969665        0.0000000000
       1.014156          -0.6707968185        0.0000000000
       1.061326          -0.7019966706        0.0000000000
       1.108496          -0.7331965226        0.0000000000
       1.155666          -0.7643963746        0.0000000000
       1.202836          -0.7955962266        0.0000000000
       1.250006          -0.8267960787        0.0000000000
       1.297176          -0.8579959307        0.0000000000
       1.344346          -0.8891957827        0.0000000000
       1.391516          -0.9203956347        0.0000000000
       1.438686          -0.9515954868        0.0000000000
       1.485856          -0.9827953388        0.0000000000
       1.533026          -1.0139951908        0.0000000000
       1.580196          -1.0451950428        0.0000000000
       1.627366          -1.0763948949        0.0000000000
       1.674536          -1.1075947469        0.0000000000
       1.721706          -1.1387945989        0.0000000000
       1.768876          -1.1699944509        0.0000000000
       1.816046          -1.2011943030        0.0000000000
       1.863216          -1.2323941550        0.0000000000
       1.910386          -1.2635940070        0.0000000000
       1.957556          -1.2947938590        0.0000000000
       2.004726          -1.3259937111        0.0000000000
       2.051896          -1.3571935631        0.0000000000
       2.099066          -1.3883934151        0.0000000000
       2.146236          -1.4195932671        0.0000000000
       2.193406          -1.4507931192        0.0000000000
       2.240577          -1.4819929712        0.0000000000
       2.287747          -1.5131928232        0.0000000000
       2.334917          -1.5443926752        0.0000000000
       2.382087          -1.4320533669        0.0161290323
       2.429257          -1.4660402102        0.0322580645
       2.476427          -0.8095641971        0.1290322581
       2.523597          -0.3142849029        0.2903225806
       2.570767           1.2257134582        0.6451612903
       2.617937           3.4927457629        1.2903225806
       2.665107           4.0105691643        2.0161290323
       2.712277           2.9965077559        2.6290322581
       2.759447           4.3703539117        3.4354838710
       2.806617           3.1385759827        4.0967741935
       2.853787           4.3427820125        4.9354838710
       2.900957           2.4422786241        5.5322580645
       2.948127           1.8773808326        6.0645161290
       2.995297           0.8726734321        6.4677419355
       3.042467           1.2467685915        6.9354838710
       3.089637           0.9444744070        7.3709677419
       3.136807           0.1053084455        7.6935483871
       3.183977          -0.2803582791        7.9677419355
       3.231147          -0.0207414777        8.2903225806
       3.278317          -0.9167915459        8.4838709677
       3.325487          -0.2460006950        8.7903225806
       3.372657          -0.0003751741        9.1451612903
       3.419827          -0.3622907728        9.4516129032
       3.466997          -0.6165837510        9.7258064516
       3.514167          -0.5729876173       10.0161290323
       3.561337          -0.5313727848       10.3225806452
       3.608507          -0.5864179146       10.6290322581
       3.655677          -0.2667127980       11.0000000000
       3.702848          -0.6023434331       11.3225806452
       3.750018          -0.3832312008       11.6935483871
       3.797188          -0.8006743786       12.0000000000
       3.844358          -0.4081503403       12.3870967742
       3.891528          -0.5530891101       12.7580645161
       3.938698           0.0860125047       13.2580645161
       3.985868          -0.4059629242       13.6774193548
       4.033038           0.1302266900       14.2096774194
       4.080208           0.1504850157       14.7580645161
       4.127378           0.1695671720       15.3225806452
       4.174548           0.0236963651       15.8709677419
       4.221718          -0.2815983712       16.3709677419
       4.268888           0.0599500256       16.9516129032
       4.316058          -0.5573233244       17.4193548387
       4.363228          -0.6917265494       17.8709677419
       4.410398          -1.0565071410       18.2580645161
       4.457568          -1.3375200572       18.5967741935
       4.504738          -0.5506356777       19.1129032258
       4.551908          -0.2314148928       19.7096774194
       4.599078          -0.4398160133       20.2741935484
       4.646248          -0.4974333742       20.8387096774
       4.693418          -0.6273730445       21.3870967742
       4.740588          -0.0340637352       22.0806451613
       4.787758          -0.5957444910       22.6612903226
       4.834928          -0.7934693521       23.2096774194
       4.882098           0.1326277531       23.9838709677
       4.929268          -1.0406228852       24.5000000000
       4.976438          -1.1615728646       25.0000000000
       5.023608          -0.8724480601       25.5806451613
       5.070778          -0.5218509591       26.2580645161
       5.117948          -0.1782914929       27.0322580645
       5.165118           0.6880241751       28.0322580645
       5.212289          -0.2331326591       28.8225806452
       5.259459           0.0319022122       29.6935483871
       5.306629           1.1937581700       30.8709677419
       5.353799           0.7379135091       31.9516129032
       5.400969           0.7959607723       33.0645161290
       5.448139           1.4173134912       34.3548387097
       5.495309           1.0941263921       35.5806451613
       5.542479           1.7013033566       36.9838709677
       5.589649           2.2977061532       38.5645161290
       5.636819           1.0637921642       39.8387096774
       5.683989           0.1506251815       40.8870967742
       5.731159           1.2804813605       42.2580645161
       5.778329           0.9711843358       43.5645161290
       5.825499           0.7250866038       44.8225806452
       5.872669           0.7735625114       46.1129032258
       5.919839           0.0121235528       47.2096774194
       5.967009           0.2363938165       48.3870967742
       6.014179           1.4231803846       49.9193548387
       6.061349           0.7858296722       51.2903225806
       6.108519          -0.1780174218       52.4032258065
       6.155689          -0.1277189404       53.5483870968
       6.202859          -0.1889098464       54.6935483871
       6.250029           0.3521499029       56.0161290323
       6.297199           0.5045428155       57.4032258065
       6.344369          -0.4775976167       58.5161290323
       6.391539           0.1592273406       59.8387096774
       6.438709          -0.2227443805       61.0645161290
       6.485879          -0.9159310676       62.0967741935
       6.533049          -1.2331863998       63.0483870968
       6.580219          -1.2865222128       64.0000000000
       6.627389          -0.8236045744       65.1129032258
       6.674560          -0.9701687312       66.1935483871
       6.721730           0.1346297283       67.6129032258
       6.768900          -0.8332334987       68.7258064516
       6.816070          -0.4354125122       69.9516129032
       6.863240          -1.0038413510       71.0000000000
       6.910410          -0.5393707335       72.1774193548
       6.957580          -0.6203539537       73.3225806452
       7.004750           0.0945454238       74.6612903226
       7.051920           0.1967000423       76.0161290323
       7.099090          -0.0496715095       77.2903225806
       7.146260          -0.6618139788       78.3870967742
       7.193430          -0.6248460082       79.4838709677
       7.240600          -0.8946427852       80.5000000000
       7.287770          -0.0406879729       81.7258064516
       7.334940          -0.1794917888       82.9032258065
       7.382110           0.0035940153       84.1129032258
       7.429280          -0.0045079554       85.3064516129
       7.476450          -0.8227230320       86.2903225806
       7.523620           0.3262474947       87.5322580645
       7.570790           0.1871515321       88.7258064516
       7.617960           0.5448919929       89.9838709677
       7.665130           0.4801385861       91.2096774194
       7.712300           0.1158873822       92.3387096774
       7.759470           0.1942168035       93.4677419355
       7.806640          -0.3445640654       94.4677419355
       7.853810           2.2715812058       95.9838709677
       7.900980           0.0526089988       97.0322580645
       7.948150           1.7207240271       98.3870967742
       7.995320           1.0030150972       99.5806451613
       8.042490           0.7746917368      100.7096774194
       8.089660           1.4287018040      101.9354838710
       8.136831           1.9343818777      103.2258064516
       8.184001           1.9987477748      104.5000000000
       8.231171           0.4308383690      105.4838709677
       8.278341           0.7579131821      106.5000000000
       8.325511          -0.0138342435      107.3709677419
       8.372681           0.2182345825      108.2580645161
       8.419851           0.6814998806      109.1935483871
       8.467021          -0.7131675863      109.9032258065
       8.514191          -1.5065382617      110.4838709677
       8.561361          -0.5747972125      111.1774193548
       8.608531           1.1558472149      112.0806451613
       8.655701          -0.2817877833      112.7741935484
       8.702871          -0.6406762867      113.4032258065
       8.750041          -0.3436882012      114.0483870968
       8.797211          -0.0210920907      114.7096774194
       8.844381          -0.2583598199      115.3225806452
       8.891551          -0.8198163652      115.8548387097
       8.938721          -1.1078298411      116.3387096774
       8.985891          -1.4195875581      116.7741935484
       9.033061          -0.3531322614      117.2903225806
       9.080231          -0.8364755926      117.7419354839
       9.127401           0.9660548183      118.3225806452
       9.174571          -1.1347562058      118.7096774194
       9.221741          -1.3051704825      119.0645161290
       9.268911          -2.8846089111      119.2903225806
       9.316081           0.5263553747      119.7258064516
       9.363251          -0.3436369871      120.0806451613
       9.410421          -0.4856257243      120.4032258065
