# Faber-Ziman Sij(q)             [Ge,Ge]                   
        0.4681258611           0.0772652620   
        0.5171896093           0.0083010260   
        0.5662533576          -0.0328953249   
        0.6153171059          -0.0503167062   
        0.6643808542          -0.0498114771   
        0.7134446025          -0.0380389587   
        0.7625083507          -0.0214278427   
        0.8115720990          -0.0052887131   
        0.8606358473           0.0068004731   
        0.9096995956           0.0132657631   
        0.9587633438           0.0144520827   
        1.0078270921           0.0122242070   
        1.0568908404           0.0093429926   
        1.1059545887           0.0087365400   
        1.1550183370           0.0127964537   
        1.2040820852           0.0228191892   
        1.2531458335           0.0386841189   
        1.3022095818           0.0588185391   
        1.3512733301           0.0804522411   
        1.4003370783           0.1001178992   
        1.4494008266           0.1143152624   
        1.4984645749           0.1202322884   
        1.5475283232           0.1164079977   
        1.5965920715           0.1032304934   
        1.6456558197           0.0831873621   
        1.6947195680           0.0608206330   
        1.7437833163           0.0423793898   
        1.7928470646           0.0352042733   
        1.8419108128           0.0469140771   
        1.8909745611           0.0844910090   
        1.9400383094           0.1533750261   
        1.9891020577           0.2566777552   
        2.0381658060           0.3946133531   
        2.0872295542           0.5642192632   
        2.1362933025           0.7594073104   
        2.1853570508           0.9713487956   
        2.2344207991           1.1891603112   
        2.2834845473           1.4008238247   
        2.3325482956           1.5942485948   
        2.3816120439           1.7583662995   
        2.4306757922           1.8841460035   
        2.4797395405           1.9654227828   
        2.5288032887           1.9994523199   
        2.5778670370           1.9871318393   
        2.6269307853           1.9328626107   
        2.6759945336           1.8440673671   
        2.7250582818           1.7304133351   
        2.7741220301           1.6028240058   
        2.8231857784           1.4723864993   
        2.8722495267           1.3492733730   
        2.9213132750           1.2417962380   
        2.9703770232           1.1556933239   
        3.0194407715           1.0937256273   
        3.0685045198           1.0556195650   
        3.1175682681           1.0383525048   
        3.1666320163           1.0367363686   
        3.2156957646           1.0442190130   
        3.2647595129           1.0537980064   
        3.3138232612           1.0589301586   
        3.3628870095           1.0543242803   
        3.4119507577           1.0365235953   
        3.4610145060           1.0042153119   
        3.5100782543           0.9582436460   
        3.5591420026           0.9013434984   
        3.6082057508           0.8376491534   
        3.6572694991           0.7720604828   
        3.7063332474           0.7095643289   
        3.7553969957           0.6546091056   
        3.8044607440           0.6106165996   
        3.8535244922           0.5796890835   
        3.9025882405           0.5625365482   
        3.9516519888           0.5586135593   
        4.0007157371           0.5664235362   
        4.0497794853           0.5839250001   
        4.0988432336           0.6089628742   
        4.1479069819           0.6396495636   
        4.1969707302           0.6746344283   
        4.2460344785           0.7132235378   
        4.2950982267           0.7553399689   
        4.3441619750           0.8013434126   
        4.3932257233           0.8517516958   
        4.4422894716           0.9069221940   
        4.4913532198           0.9667557925   
        4.5404169681           1.0304797527   
        4.5894807164           1.0965501169   
        4.6385444647           1.1626922764   
        4.6876082130           1.2260740641   
        4.7366719612           1.2835834636   
        4.7857357095           1.3321664393   
        4.8347994578           1.3691720038   
        4.8838632061           1.3926524324   
        4.9329269543           1.4015758451   
        4.9819907026           1.3959241158   
        5.0310544509           1.3766681646   
        5.0801181992           1.3456316895   
        5.1291819475           1.3052701004   
        5.1782456957           1.2584014521   
        5.2273094440           1.2079293095   
        5.2763731923           1.1565938515   
        5.3254369406           1.1067784152   
        5.3745006888           1.0603862945   
        5.4235644371           1.0187894961   
        5.4726281854           0.9828397834   
        5.5216919337           0.9529245821   
        5.5707556820           0.9290471612   
        5.6198194302           0.9109119380   
        5.6688831785           0.8980008213   
        5.7179469268           0.8896336265   
        5.7670106751           0.8850128837   
        5.8160744234           0.8832590842   
        5.8651381716           0.8834453315   
        5.9142019199           0.8846399769   
        5.9632656682           0.8859624169   
        6.0123294165           0.8866518158   
        6.0613931647           0.8861425365   
        6.1104569130           0.8841350829   
        6.1595206613           0.8806487045   
        6.2085844096           0.8760422992   
        6.2576481579           0.8709939644   
        6.3067119061           0.8664358798   
        6.3557756544           0.8634489389   
        6.4048394027           0.8631291380   
        6.4539031510           0.8664436180   
        6.5029668992           0.8740971895   
        6.5520306475           0.8864294661   
        6.6010943958           0.9033584285   
        6.6501581441           0.9243790506   
        6.6992218924           0.9486168580   
        6.7482856406           0.9749275318   
        6.7973493889           1.0020265186   
        6.8464131372           1.0286283261   
        6.8954768855           1.0535744953   
        6.9445406337           1.0759321724   
        6.9936043820           1.0950511267   
        7.0426681303           1.1105747958   
        7.0917318786           1.1224090158   
        7.1407956269           1.1306590399   
        7.1898593751           1.1355500469   
        7.2389231234           1.1373478895   
        7.2879868717           1.1362952063   
        7.3370506200           1.1325737192   
        7.3861143682           1.1262975151   
        7.4351781165           1.1175356041   
        7.4842418648           1.1063563025   
        7.5333056131           1.0928820359   
        7.5823693614           1.0773416148   
        7.6314331096           1.0601080325   
        7.6804968579           1.0417129934   
        7.7295606062           1.0228339715   
        7.7786243545           1.0042546461   
        7.8276881027           0.9868041265   
        7.8767518510           0.9712836641   
        7.9258155993           0.9583911223   
        7.9748793476           0.9486532318   
        8.0239430959           0.9423738946   
        8.0730068441           0.9396040286   
        8.1220705924           0.9401353118   
        8.1711343407           0.9435172918   
        8.2201980890           0.9490950942   
        8.2692618372           0.9560635931   
        8.3183255855           0.9635333243   
        8.3673893338           0.9706033810   
        8.4164530821           0.9764366927   
        8.4655168304           0.9803331365   
        8.5145805786           0.9817957164   
        8.5636443269           0.9805845950   
        8.6127080752           0.9767533318   
        8.6617718235           0.9706616562   
        8.7108355717           0.9629599013   
        8.7598993200           0.9545421549   
        8.8089630683           0.9464683335   
        8.8580268166           0.9398595101   
        8.9070905649           0.9357753875   
        8.9561543131           0.9350869940   
        9.0052180614           0.9383605881   
        9.0542818097           0.9457695676   
        9.1033455580           0.9570493360   
        9.1524093062           0.9715054978   
        9.2014730545           0.9880788292   
        9.2505368028           1.0054621464   
        9.2996005511           1.0222557698   
        9.3486642994           1.0371412277   
        9.3977280476           1.0490485399   
        9.4467917959           1.0572918599   
        9.4958555442           1.0616518363   
        9.5449192925           1.0623904668   
        9.5939830407           1.0601944224   
        9.6430467890           1.0560542225   
        9.6921105373           1.0510973314   
        9.7411742856           1.0464013308   
        9.7902380339           1.0428172961   
        9.8393017821           1.0408324975   
        9.8883655304           1.0404955667   
        9.9374292787           1.0414171862   
        9.9864930270           1.0428468034   
       10.0355567752           1.0438129710   
       10.0846205235           1.0433039016   
       10.1336842718           1.0404576601   
       10.1827480201           1.0347294235   
       10.2318117684           1.0260068411   
       10.2808755166           1.0146531791   
       10.3299392649           1.0014701752   
       10.3790030132           0.9875862593   
       10.4280667615           0.9742886212   
       10.4771305097           0.9628272794   
       10.5261942580           0.9542241286   
       10.5752580063           0.9491190530   
       10.6243217546           0.9476787617   
       10.6733855029           0.9495831526   
       10.7224492511           0.9540906719   
       10.7715129994           0.9601706409   
       10.8205767477           0.9666792485   
       10.8696404960           0.9725487947   
       10.9187042442           0.9769580222   
       10.9677679925           0.9794552259   
       11.0168317408           0.9800145146   
       11.0658954891           0.9790175283   
       11.1149592374           0.9771659192   
       11.1640229856           0.9753416878   
       11.2130867339           0.9744409878   
       11.2621504822           0.9752108406   
       11.3112142305           0.9781167938   
       11.3602779788           0.9832632885   
       11.4093417270           0.9903786286   
       11.4584054753           0.9988648121   
       11.5074692236           1.0079012046   
       11.5565329719           1.0165821038   
       11.6055967201           1.0240631459   
       11.6546604684           1.0296910240   
       11.7037242167           1.0330950268   
       11.7527879650           1.0342265641   
       11.8018517133           1.0333426146   
       11.8509154615           1.0309390711   
       11.8999792098           1.0276484508   
       11.9490429581           1.0241219394   
       11.9981067064           1.0209173840   
       12.0471704546           1.0184125393   
       12.0962342029           1.0167572143   
       12.1452979512           1.0158701664   
       12.1943616995           1.0154781810   
       12.2434254478           1.0151873274   
       12.2924891960           1.0145712140   
       12.3415529443           1.0132590007   
       12.3906166926           1.0110071667   
       12.4396804409           1.0077431506   
       12.4887441891           1.0035750307   
       12.5378079374           0.9987681409   
       12.5868716857           0.9936956024   
       12.6359354340           0.9887740683   
       12.6849991823           0.9843978209   
       12.7340629305           0.9808835211   
       12.7831266788           0.9784347265   
       12.8321904271           0.9771305545   
       12.8812541754           0.9769376048   
       12.9303179236           0.9777395766   
       12.9793816719           0.9793758379   
       13.0284454202           0.9816791027   
       13.0775091685           0.9845034709   
       13.1265729168           0.9877370487   
       13.1756366650           0.9912974924   
       13.2247004133           0.9951131626   
       13.2737641616           0.9990962101   
       13.3228279099           1.0031160409   
       13.3718916581           1.0069817891   
       13.4209554064           1.0104406152   
       13.4700191547           1.0131952290   
       13.5190829030           1.0149397149   
       13.5681466513           1.0154084159   
       13.6172103995           1.0144292122   
       13.6662741478           1.0119707368   
       13.7153378961           1.0081733191   
       13.7644016444           1.0033557407   
       13.8134653926           0.9979938425   
       13.8625291409           0.9926719152   
       13.9115928892           0.9880127467   
       13.9606566375           0.9845962587   
       14.0097203858           0.9828790925   
       14.0587841340           0.9831278308   
       14.1078478823           0.9853766951   
       14.1569116306           0.9894168395   
       14.2059753789           0.9948194253   
       14.2550391271           1.0009893491   
       14.3041028754           1.0072417285   
       14.3531666237           1.0128898060   
       14.4022303720           1.0173313815   
       14.4512941203           1.0201214210   
       14.5003578685           1.0210209769   
       14.5494216168           1.0200165038   
       14.5984853651           1.0173083629   
       14.6475491134           1.0132719739   
       14.6966128616           1.0083989288   
       14.7456766099           1.0032278581   
       14.7947403582           0.9982756057   
       14.8438041065           0.9939783259   
       14.8928678548           0.9906497404   
       14.9419316030           0.9884604855   
       14.9909953513           0.9874388701   
       15.0400590996           0.9874900716   
       15.0891228479           0.9884283500   
       15.1381865961           0.9900155783   
       15.1872503444           0.9919993732   
       15.2363140927           0.9941452259   
       15.2853778410           0.9962589503   
       15.3344415893           0.9981980519   
       15.3835053375           0.9998728081   
       15.4325690858           1.0012395528   
       15.4816328341           1.0022895974   
       15.5306965824           1.0030373212   
       15.5797603306           1.0035103011   
       15.6288240789           1.0037431565   
       15.6778878272           1.0037753792   
       15.7269515755           1.0036521344   
       15.7760153238           1.0034261435   
       15.8250790720           1.0031584736   
       15.8741428203           1.0029164000   
       15.9232065686           1.0027673812   
       15.9722703169           1.0027693749   
       16.0213340651           1.0029589458   
       16.0703978134           1.0033395815   
       16.1194615617           1.0038731006   
       16.1685253100           1.0044768759   
       16.2175890583           1.0050287826   
       16.2666528065           1.0053804576   
       16.3157165548           1.0053778446   
       16.3647803031           1.0048864147   
       16.4138440514           1.0038172009   
       16.4629077996           1.0021491465   
       16.5119715479           0.9999434021   
       16.5610352962           0.9973461542   
       16.6100990445           0.9945782147   
       16.6591627928           0.9919116997   
       16.7082265410           0.9896363449   
       16.7572902893           0.9880199545   
       16.8063540376           0.9872688129   
       16.8554177859           0.9874943378   
       16.9044815342           0.9886916802   
       16.9535452824           0.9907344272   
       17.0026090307           0.9933872269   
       17.0516727790           0.9963353832   
       17.1007365273           0.9992276955   
       17.1498002755           1.0017264932   
       17.1988640238           1.0035573575   
       17.2479277721           1.0045507035   
       17.2969915204           1.0046683366   
       17.3460552687           1.0040101980   
       17.3951190169           1.0027994928   
       17.4441827652           1.0013478040   
       17.4932465135           1.0000050978   
       17.5423102618           0.9991021682   
       17.5913740100           0.9988945999   
       17.6404377583           0.9995174312   
       17.6895015066           1.0009583027   
       17.7385652549           1.0030541469   
       17.7876290032           1.0055127962   
       17.8366927514           1.0079568411   
       17.8857564997           1.0099833017   
       17.9348202480           1.0112298324   
       17.9838839963           1.0114367586   
       18.0329477445           1.0104945550   
       18.0820114928           1.0084684098   
       18.1310752411           1.0055950291   
       18.1801389894           1.0022512582   
       18.2292027377           0.9988987507   
       18.2782664859           0.9960130072   
       18.3273302342           0.9940079446   
       18.3763939825           0.9931682179   
       18.4254577308           0.9936005719   
       18.4745214790           0.9952126487   
       18.5235852273           0.9977233516   
       18.5726489756           1.0007037448   
       18.6217127239           1.0036424177   
       18.6707764722           1.0060250900   
       18.7198402204           1.0074157228   
       18.7689039687           1.0075259761   
       18.8179677170           1.0062616215   
       18.8670314653           1.0037382238   
       18.9160952135           1.0002634325   
       18.9651589618           0.9962887457   
       19.0142227101           0.9923386799   
       19.0632864584           0.9889290325   
       19.1123502067           0.9864877145   
       19.1614139549           0.9852911302   
       19.2104777032           0.9854263810   
       19.2595414515           0.9867851253   
       19.3086051998           0.9890895041   
       19.3576689480           0.9919450929   
       19.4067326963           0.9949113022   
       19.4557964446           0.9975768127   
       19.5048601929           0.9996269890   
       19.5539239412           1.0008918546   
       19.6029876894           1.0013668314   
       19.6520514377           1.0012033875   
       19.7011151860           1.0006721055   
       19.7501789343           1.0001055190   
       19.7992426825           0.9998315120   
       19.8483064308           1.0001095272   
       19.8973701791           1.0010810511   
       19.9464339274           1.0027430163   
       19.9954976757           1.0049484074   
       20.0445614239           1.0074333155   
       20.0936251722           1.0098648715   
       20.1426889205           1.0119007883   
       20.1917526688           1.0132493231   
       20.2408164170           1.0137186548   
       20.2898801653           1.0132468960   
       20.3389439136           1.0119077756   
       20.3880076619           1.0098917026   
       20.4370714102           1.0074665549   
       20.4861351584           1.0049262699   
       20.5351989067           1.0025374364   
       20.5842626550           1.0004942332   
       20.6333264033           0.9988902095   
       20.6823901515           0.9977119468   
       20.7314538998           0.9968552438   
       20.7805176481           0.9961599923   
       20.8295813964           0.9954562164   
       20.8786451447           0.9946115442   
       20.9277088929           0.9935700936   
       20.9767726412           0.9923744323   
       21.0258363895           0.9911656001   
       21.0749001378           0.9901605139   
       21.1239638860           0.9896105956   
       21.1730276343           0.9897492850   
       21.2220913826           0.9907385080   
       21.2711551309           0.9926246785   
       21.3202188792           0.9953133115   
       21.3692826274           0.9985680888   
       21.4183463757           1.0020358184   
       21.4674101240           1.0052939928   
       21.5164738723           1.0079134397   
       21.5655376205           1.0095256517   
       21.6146013688           1.0098833189   
       21.6636651171           1.0089035627   
       21.7127288654           1.0066862126   
       21.7617926137           1.0035036697   
       21.8108563619           0.9997637024   
       21.8599201102           0.9959510818   
       21.9089838585           0.9925574725   
       21.9580476068           0.9900108615   
       22.0071113550           0.9886157298   
       22.0561751033           0.9885131957   
       22.1052388516           0.9896668816   
       22.1543025999           0.9918759050   
       22.2033663482           0.9948119498   
       22.2524300964           0.9980735972   
       22.3014938447           1.0012486090   
       22.3505575930           1.0039740244   
       22.3996213413           1.0059848295   
       22.4486850896           1.0071443325   
       22.4977488378           1.0074527548   
       22.5468125861           1.0070342878   
       22.5958763344           1.0061063039   
       22.6449400827           1.0049369916   
       22.6940038309           1.0037990201   
       22.7430675792           1.0029268029   
       22.7921313275           1.0024836454   
       22.8411950758           1.0025428519   
       22.8902588241           1.0030842152   
       22.9393225723           1.0040047077   
       22.9883863206           1.0051400968   
       23.0374500689           1.0062929203   
       23.0865138172           1.0072619106   
       23.1355775654           1.0078684838   
       23.1846413137           1.0079770911   
       23.2337050620           1.0075077489   
       23.2827688103           1.0064405772   
       23.3318325586           1.0048133920   
       23.3808963068           1.0027141354   
       23.4299600551           1.0002701320   
       23.4790238034           0.9976359063   
       23.5280875517           0.9949807649   
       23.5771512999           0.9924767498   
       23.6262150482           0.9902871056   
       23.6752787965           0.9885552227   
       23.7243425448           0.9873941381   
       23.7734062931           0.9868770477   
       23.8224700413           0.9870297419   
       23.8715337896           0.9878262407   
       23.9205975379           0.9891889870   
       23.9696612862           0.9909946474   
       24.0187250344           0.9930858541   
       24.0677887827           0.9952881993   
       24.1168525310           0.9974306636   
       24.1659162793           0.9993666792   
       24.2149800276           1.0009924610   
       24.2640437758           1.0022592678   
       24.3131075241           1.0031769792   
       24.3621712724           1.0038077135   
       24.4112350207           1.0042499756   
       24.4602987689           1.0046156778   
       24.5093625172           1.0050039611   
       24.5584262655           1.0054767003   
       24.6074900138           1.0060406577   
       24.6565537621           1.0066403602   
       24.7056175103           1.0071640030   
       24.7546812586           1.0074623239   
       24.8037450069           1.0073778422   
       24.8528087552           1.0067796162   
       24.9018725034           1.0055971933   
       24.9509362517           1.0038470419   
